0 0 0 0
0 0 0 0
0 0 0 0
0 0 0 0
0 0 0 0
0 0 0 0
0 0 0 0
0 0 0 0
0 0 0 0
0 0 0 0
0 0 0 0
0 0 0 0
0 0 0 0
0.0757255 0.0606105 -0.991591 0.114342
0.212409 0.000235258 -0.997746 0.0671002
0.182029 -0.00658852 -0.996904 0.0783577
0.0507974 -0.0462667 -0.994517 0.0937825
0 0 0 0
0 0 0 0
0 0 0 0
0 0 0 0
0 0 0 0
0.0573213 0.123365 -0.974717 0.1863
0.790038 0.0550546 -0.993024 0.10427
1.3877 -0.000916388 -0.998705 0.0508683
1.20886 -0.000435439 -0.998217 0.0596927
0.664341 -0.0376229 -0.99365 0.106041
0.00206266 -0.0575107 -0.991361 0.117884
0 0 0 0
0 0 0 0
0 0 0 0
0 0 0 0
0.3689 0.06315 -0.992827 0.101521
1.46473 0.0249799 -0.9985 0.0487162
2.14854 -0.00302126 -0.999963 -0.00804562
1.73868 0.00570841 -0.999931 0.0102438
1.53331 -0.0103078 -0.998801 0.0478668
0.49488 -0.0580304 -0.994805 0.0836399
0 0 0 0
0 0 0 0
0 0 0 0
0 0 0 0
0.655336 0.00860411 -0.999867 0.013826
2.01475 -0.01168 -0.999886 -0.00955697
2.45435 -5.10644e-05 -0.998125 -0.061216
1.84272 0.0113632 -0.99909 -0.0411049
2.0379 0.0185671 -0.999616 -0.0205569
0.809657 -0.00919901 -0.999775 0.0191068
0 0 0 0
0 0 0 0
0 0 0 0
0 0 0 0
0.574852 -0.0430671 -0.996244 -0.0751163
1.72855 -0.0463386 -0.997192 -0.0588264
2.3856 0.003663 -0.993647 -0.112478
1.76116 0.0213965 -0.995459 -0.0927502
2.10996 0.0416994 -0.996326 -0.0748091
0.907959 0.0358547 -0.998147 -0.0491546
0 0 0 0
0 0 0 0
0 0 0 0
0 0 0 0
0.174413 -0.107441 -0.979815 -0.168582
1.52878 -0.0750282 -0.988736 -0.129506
1.30103 -0.00930987 -0.984841 -0.17321
1.66195 0.0294118 -0.985605 -0.166486
1.56639 0.0745463 -0.987981 -0.135409
0.34763 0.0856972 -0.98971 -0.114585
0 0 0 0
0 0 0 0
0 0 0 0
0 0 0 0
0.00839961 -0.175255 -0.960594 -0.215742
0.72934 -0.0974119 -0.974548 -0.201911
0.409201 -0.0249969 -0.969128 -0.245289
0.894299 0.0405478 -0.964218 -0.261991
0.569487 0.130718 -0.967528 -0.21634
0 0 0 0
0 0 0 0
0 0 0 0
0 0 0 0
0 0 0 0
0 0 0 0
0.0907388 -0.197516 -0.901914 -0.384107
0.0830512 -0.0201272 -0.867332 -0.497323
0 0 0 0
0 0 0 0
0 0 0 0
0 0 0 0
0 0 0 0
0 0 0 0
0 0 0 0
0 0 0 0
0 0 0 0
0 0 0 0
0 0 0 0
0 0 0 0
0 0 0 0
0 0 0 0
0 0 0 0
0 0 0 0
0 0 0 0
0.00128419 0.00693797 -0.988997 -0.147773
0.00370917 -0.253072 -0.939327 -0.231559
0.00746212 -0.0471374 -0.887312 -0.458754
0.0407564 0.0407491 -0.930637 -0.363669
0.00405535 0.163544 -0.90158 -0.400509
0 0 0 0
0 0 0 0
0 0 0 0
0 0 0 0
0.00601513 0.129488 -0.986646 0.09881
0.447543 0.0591371 -0.99722 0.0453437
1.97596 -0.0215752 -0.993382 -0.112812
5.55518 0.0172581 -0.981822 -0.18902
3.50046 0.0302254 -0.975934 -0.215962
3.70017 0.0304637 -0.994009 -0.104967
0.288568 -0.125742 -0.988503 0.0839642
0.00580396 -0.217297 -0.958659 0.183724
0 0 0 0
0 0 0 0
0.324454 0.138406 -0.985819 0.0948871
3.28406 0.0452204 -0.998302 0.0367248
5.38156 -0.0126124 -0.996103 -0.0872888
9.3063 0.00415903 -0.990905 -0.134499
9.20585 0.0230286 -0.987435 -0.156338
7.0958 0.0112946 -0.999533 -0.0284033
2.74443 -0.0889363 -0.994921 0.0471513
0.188138 -0.168977 -0.979829 0.106682
0 0 0 0
0 0 0 0
1.25607 0.0788035 -0.995882 0.0448246
5.06596 0.00529122 -0.999957 -0.00759727
7.01229 -0.031972 -0.995779 -0.0860328
9.82052 -0.00593741 -0.991692 -0.1285
9.88537 -0.000304769 -0.99155 -0.129721
7.08168 0.0227356 -0.998196 -0.0555689
4.27039 -0.0365105 -0.999332 -0.00151572
0.514295 -0.0843066 -0.995251 0.0486663
0 0 0 0
0 0 0 0
2.0576 0.00856377 -0.999887 -0.0123831
5.78394 -0.0242775 -0.998809 -0.0423314
6.31613 -0.0503954 -0.994066 -0.0963994
9.86044 0.00688551 -0.993619 -0.112579
9.31057 -0.027208 -0.99272 -0.117328
7.82622 0.033456 -0.995066 -0.093403
5.14856 0.0108862 -0.998854 -0.0465971
0.770476 0.0101934 -0.999931 -0.0058475
0 0 0 0
0 0 0 0
2.06127 -0.0561146 -0.996325 -0.064713
6.32194 -0.0352584 -0.997277 -0.0647796
7.02817 -0.0449438 -0.992645 -0.112414
15.4055 0.000854329 -0.998174 -0.0603909
16.3857 -0.00683215 -0.99703 -0.0767042
7.33918 0.0426734 -0.993306 -0.107346
6.1835 0.0510178 -0.994917 -0.0868151
0.849179 0.116341 -0.991419 -0.0596105
0 0 0 0
0 0 0 0
0.937666 -0.11053 -0.989542 -0.0926813
5.98758 -0.0883971 -0.989833 -0.111432
12.9797 -0.0505945 -0.99055 -0.127478
37.8544 -0.0245841 -0.999639 0.0108397
38.9682 0.0652079 -0.997849 -0.00670203
7.99092 0.0684037 -0.986906 -0.146073
7.32459 0.106986 -0.985665 -0.130452
0.575242 0.20972 -0.971078 -0.11413
0 0 0 0
0 0 0 0
0.320121 -0.224799 -0.959335 -0.170709
6.11187 -0.198243 -0.960458 -0.1955
13.5422 -0.0771534 -0.973004 -0.21751
28.5312 -0.0515349 -0.975708 -0.212928
26.1377 0.0482808 -0.983657 -0.17346
8.25847 0.109332 -0.962525 -0.248179
5.39044 0.203709 -0.958533 -0.19929
0 0 0 0
0 0 0 0
0 0 0 0
0 0 0 0
1.06081 -0.38731 -0.866627 -0.314561
5.4145 -0.290145 -0.829679 -0.476915
4.52984 -0.106761 -0.834818 -0.540074
6.23383 0.129729 -0.810156 -0.57168
4.4178 0.33956 -0.797815 -0.498187
0.254981 0.303784 -0.912144 -0.275152
0 0 0 0
0 0 0 0
0 0 0 0
0 0 0 0
0 0 0 0
0 0 0 0
0 0 0 0
0 0 0 0
0 0 0 0
0 0 0 0
0 0 0 0
0 0 0 0
0 0 0 0
0 0 0 0
0.0173072 -0.0898636 -0.975608 -0.200283
0.0276512 -0.19859 -0.93189 -0.303552
0.000690554 -0.0731848 -0.923776 -0.375875
0.00245251 0.0877343 -0.887975 -0.451445
0.0452377 0.193531 -0.925394 -0.325871
0.0103074 0.205631 -0.956506 -0.20691
0 0 0 0
0 0 0 0
0 0 0 0
0.567928 0.0921061 -0.992891 0.075391
3.58213 -0.00670128 -0.993665 -0.112185
6.26391 -0.152163 -0.943726 -0.293646
3.95489 -0.0673428 -0.919908 -0.386309
4.53729 0.0744993 -0.921853 -0.380311
6.10955 0.159313 -0.94377 -0.289685
4.40063 0.0933647 -0.988817 -0.116296
0.375157 -0.152065 -0.986634 0.0585686
0 0 0 0
0.0261795 0.246498 -0.968614 0.032034
3.22392 0.064031 -0.996604 0.0517709
10.344 -0.0348741 -0.995309 -0.0902419
11.1251 -0.080119 -0.979248 -0.186159
13.4971 -0.0516232 -0.956624 -0.286715
13.7691 0.0651429 -0.965702 -0.251347
11.2235 0.077648 -0.975078 -0.207831
9.19893 0.0553396 -0.995655 -0.0748964
3.28721 -0.101094 -0.994406 0.0306003
0.00419818 -0.194583 -0.979594 0.0503291
0.234891 0.11999 -0.992625 -0.0172508
5.0594 0.0164092 -0.999811 0.0104494
14.2455 -0.0822075 -0.992996 -0.0848547
15.5654 -0.0605032 -0.988103 -0.141392
18.9236 -0.07017 -0.984967 -0.157849
19.9704 0.0501445 -0.987144 -0.151761
16.659 0.0786348 -0.985321 -0.151523
9.81748 0.0420273 -0.997043 -0.0643411
5.265 -0.0283352 -0.99956 -0.00877704
0.0190651 -0.114914 -0.993307 0.0116222
0.291352 0.00249979 -0.99844 -0.0557751
6.35464 -0.0311007 -0.998889 -0.0354182
13.3506 -0.0879235 -0.99387 -0.067024
25.2895 -0.0355441 -0.998349 -0.0451156
39.8128 0.0496039 -0.982209 0.181122
46.6001 0.0191358 -0.990009 0.139697
21.2594 0.055103 -0.995707 -0.0743778
10.9737 0.05019 -0.995819 -0.0763204
6.48823 0.0428064 -0.997979 -0.0469711
0.0408508 -0.00821518 -0.998935 -0.0454052
0.146727 -0.123816 -0.988938 -0.0816828
6.91939 -0.0695029 -0.994614 -0.076894
15.0193 -0.0715761 -0.99551 -0.0619342
51.854 0.00872368 -0.97102 0.238841
20.5874 0.0521636 -0.969298 0.240291
34.8821 0.00913711 -0.967474 0.252805
53.0047 -0.0317935 -0.966743 0.253766
12.7256 0.0515775 -0.995078 -0.0846086
6.17084 0.0943012 -0.992743 -0.0746269
0.0349419 0.0839482 -0.991949 -0.0948201
0 0 0 0
6.90945 -0.124125 -0.9852 -0.118212
44.4847 -0.038928 -0.995367 0.0879186
18.2962 0.0186451 -0.98436 0.175179
0.215626 0.0877191 -0.960153 0.265354
0 0 0 0
36.0632 0.0220346 -0.989137 0.145337
41.355 0.0360994 -0.996925 0.0695445
4.74653 0.148513 -0.982046 -0.116318
0 0 0 0
0 0 0 0
3.0797 -0.215996 -0.961291 -0.17107
41.4451 -0.16855 -0.980262 -0.103328
11.3393 -0.00629495 -0.997289 -0.073317
0 0 0 0
0 0 0 0
26.4664 0.10085 -0.99074 -0.0909
35.8411 0.187145 -0.974438 -0.124286
1.69712 0.253753 -0.950759 -0.177953
0 0 0 0
0 0 0 0
0.136269 -0.352008 -0.89994 -0.257292
12.4909 -0.430528 -0.816856 -0.383915
27.8422 -0.255608 -0.814263 -0.521192
17.5487 -0.0822085 -0.710895 -0.698477
16.7288 0.146664 -0.606265 -0.781621
29.1289 0.259475 -0.828752 -0.495825
11.3515 0.443769 -0.813778 -0.37528
0.0397709 0.427583 -0.860196 -0.277914
0 0 0 0
0 0 0 0
0 0 0 0
0.202142 -0.700033 -0.535569 -0.472355
2.95309 -0.635245 -0.484779 -0.60121
3.98009 -0.344628 -0.404385 -0.847174
4.12394 0.406746 -0.398892 -0.821854
3.91815 0.642666 -0.496798 -0.583243
0 0 0 0
0 0 0 0
0 0 0 0
0 0 0 0
0.000449725 -0.218837 -0.971819 -0.0876258
0.0604197 -0.38006 -0.910788 -0.161304
0 0 0 0
0 0 0 0
0 0 0 0
0 0 0 0
0.0389007 0.204225 -0.973915 -0.0989005
0 0 0 0
0 0 0 0
0.00708648 0.252889 -0.967042 -0.0296016
2.13752 0.0614184 -0.998087 -0.00702462
4.6719 -0.185072 -0.975163 -0.12168
1.23277 -0.251592 -0.931561 -0.262481
0 0 0 0
0 0 0 0
0.773981 0.206089 -0.966018 -0.155999
5.50658 0.163684 -0.982828 -0.0851794
2.02461 -0.0850299 -0.996186 0.019597
0 0 0 0
0.34405 0.190469 -0.981661 -0.00793626
9.49068 0.0412696 -0.999134 -0.00522396
9.39081 -0.115937 -0.99061 -0.0724595
7.2056 -0.170436 -0.970022 -0.173232
0.827512 -0.13571 -0.950664 -0.278962
0.568771 0.162675 -0.945531 -0.281972
10.2615 0.169505 -0.971296 -0.16689
12.7019 0.0989185 -0.994223 -0.0416521
8.81676 -0.0539155 -0.99848 0.0114294
0.0709077 -0.168054 -0.985572 -0.0201504
0.675196 0.103733 -0.994201 -0.0283708
13.4151 -0.0130174 -0.999834 -0.0127342
14.0627 -0.095026 -0.994469 -0.0447267
14.3146 -0.0785916 -0.993418 -0.0833264
7.50631 -0.0531841 -0.978901 -0.197292
8.29217 0.100781 -0.978516 -0.179858
21.7412 0.114865 -0.986761 -0.114495
20.1424 0.063687 -0.997602 -0.027111
11.8658 -0.00298624 -0.999959 -0.00853187
0.370804 -0.092295 -0.994668 -0.0460095
0.928552 0.00895204 -0.998208 -0.0591601
14.8637 -0.0598021 -0.997988 -0.0210413
26.857 -0.0500439 -0.998649 0.0139628
31.2089 0.171103 -0.946368 0.274064
1.69601 0.192279 -0.672836 0.714367
0.708628 0.00999558 -0.748777 0.662747
41.444 -0.13859 -0.95917 0.246549
32.4362 0.0424524 -0.998966 0.0162432
12.316 0.042116 -0.998437 -0.0367411
0.580527 -0.00406071 -0.998014 -0.0628579
1.20628 -0.074109 -0.993307 -0.0885968
15.661 -0.0876345 -0.995509 -0.0358153
53.3897 0.0718218 -0.976197 0.204649
0 0 0 0
0 0 0 0
0 0 0 0
0 0 0 0
54.5838 -0.0903981 -0.975854 0.198839
11.1661 0.079516 -0.994291 -0.0711475
0.347864 0.0937928 -0.992416 -0.0794615
0.700098 -0.16233 -0.979335 -0.120628
28.8033 -0.0968009 -0.994991 -0.0249515
9.72487 0.0888087 -0.990468 0.105288
0 0 0 0
0 0 0 0
0 0 0 0
0 0 0 0
24.2696 0.0194852 -0.992992 0.116565
12.2079 0.126373 -0.986175 -0.107184
0.0851809 0.191813 -0.976633 -0.0969275
0 0 0 0
22.7424 -0.233612 -0.96091 -0.148585
3.99239 -0.0531556 -0.996235 -0.0684839
0 0 0 0
0 0 0 0
0 0 0 0
0 0 0 0
21.8402 0.216622 -0.970068 -0.109744
11.9649 0.243428 -0.95659 -0.160242
0 0 0 0
0 0 0 0
4.77138 -0.440255 -0.866611 -0.234864
37.9647 -0.449472 -0.809243 -0.378287
0 0 0 0
0 0 0 0
0 0 0 0
0 0 0 0
41.0357 0.452475 -0.814171 -0.363858
3.15865 0.416397 -0.882807 -0.217405
0 0 0 0
0 0 0 0
0 0 0 0
4.46786 -0.744668 -0.532424 -0.402485
18.9054 -0.704694 -0.366008 -0.607819
13.3549 -0.548536 -0.0248604 -0.835757
15.3204 0.580078 -0.0538836 -0.812777
20.8674 0.68881 -0.414729 -0.594592
2.10674 0.746619 -0.521452 -0.413096
0 0 0 0
0 0 0 0
0 0 0 0
0.0128565 -0.0844047 -0.996415 0.00566725
0.0104433 -0.148171 -0.98812 -0.0408013
0 0 0 0
0 0 0 0
0 0 0 0
0 0 0 0
0.00675488 0.187196 -0.98211 0.0204341
0.000529044 0.0615411 -0.993119 0.0996371
0 0 0 0
0.0573316 0.239375 -0.970609 -0.0248678
3.69975 -0.0286314 -0.997505 0.0645268
1.66365 -0.156194 -0.987559 -0.0181683
0 0 0 0
0 0 0 0
0 0 0 0
0 0 0 0
2.2295 0.133114 -0.990505 0.03435
2.50019 -0.00637112 -0.998554 0.053378
0.0133215 -0.197768 -0.978178 -0.0636842
1.516 0.174868 -0.983867 -0.0377852
11.7772 -0.039146 -0.997306 0.0620371
8.02439 -0.1483 -0.988937 0.00323081
0 0 0 0
0 0 0 0
0 0 0 0
0.0112533 0.17374 -0.983949 0.0407364
6.15364 0.10304 -0.994093 0.0340746
8.87401 -0.00930754 -0.999207 0.0387086
0.966146 -0.164967 -0.983935 -0.0682427
3.87965 0.0854916 -0.99497 -0.0522133
17.6874 -0.0588201 -0.996781 0.0544717
13.3125 -0.118782 -0.992569 0.0264042
0.0395558 -0.0807393 -0.996623 -0.0149873
0 0 0 0
0 0 0 0
0.0622733 0.0568149 -0.993671 0.0968991
10.5053 0.116453 -0.992491 0.0374123
14.4497 0.0256014 -0.999159 0.0320159
2.19718 -0.0767438 -0.99474 -0.0678434
5.22096 -0.00550672 -0.997029 -0.076825
23.5787 -0.0824514 -0.995558 0.0454625
13.2893 0.0470904 -0.995097 0.0869795
0 0 0 0
0 0 0 0
0 0 0 0
0.0891226 -0.211349 -0.966101 0.148261
16.0494 0.0173934 -0.996321 0.0839115
20.2889 0.0734861 -0.997004 0.024156
3.21303 0.00318536 -0.996747 -0.080529
5.17735 -0.0745434 -0.992513 -0.0967559
38.0881 -0.056391 -0.997459 0.0435399
0.421795 0.476742 -0.81607 0.326721
0 0 0 0
0 0 0 0
0 0 0 0
0 0 0 0
9.30021 -0.501953 -0.818264 0.280157
29.7751 0.0976445 -0.99518 0.00905156
3.78075 0.0645105 -0.992304 -0.105695
3.16488 -0.127344 -0.986176 -0.106024
54.0436 -0.0421761 -0.997142 0.0626884
0 0 0 0
0 0 0 0
0 0 0 0
0 0 0 0
0 0 0 0
0 0 0 0
51.5497 0.0826226 -0.996265 0.0250942
2.64275 0.128596 -0.981904 -0.139023
0.689417 -0.260385 -0.955974 -0.135325
49.2029 -0.181364 -0.979456 -0.0881614
0 0 0 0
0 0 0 0
0 0 0 0
0 0 0 0
0 0 0 0
0 0 0 0
35.25 0.214564 -0.971721 -0.0985935
0.200269 0.28003 -0.945431 -0.166563
0 0 0 0
15.2101 -0.525726 -0.816274 -0.239392
4.65914 -0.68392 -0.648625 -0.333974
0 0 0 0
0 0 0 0
0 0 0 0
0 0 0 0
22.4394 0.771359 -0.568926 -0.285181
8.93458 0.532184 -0.817852 -0.218858
0 0 0 0
0 0 0 0
0 0 0 0
16.0022 -0.816909 -0.461005 -0.346602
28.7018 -0.846252 -0.154505 -0.509889
8.8638 -0.702135 0.483829 -0.522413
9.15968 0.693111 0.462377 -0.552997
30.4399 0.847016 -0.239225 -0.474695
9.96921 0.813444 -0.483056 -0.323983
0 0 0 0
0 0 0 0
0 0 0 0
0.0225203 -0.0604249 -0.99659 0.0561824
0.000710526 -0.0901321 -0.988958 0.117637
0 0 0 0
0 0 0 0
0 0 0 0
0 0 0 0
0.00875224 0.0761372 -0.997097 0.000759613
0.0760787 0.0046326 -0.998031 0.0625536
0 0 0 0
0.317525 0.16914 -0.985523 -0.0116302
3.8034 -0.00675007 -0.995188 0.0977542
0.251758 -0.126428 -0.988713 0.0803906
0 0 0 0
0 0 0 0
0 0 0 0
0 0 0 0
0.653676 0.106076 -0.994033 0.0254376
4.06824 0.0081634 -0.996845 0.0789497
0.137693 -0.243627 -0.969011 -0.0407787
2.88838 0.131231 -0.99052 -0.0406118
11.8872 -0.0206348 -0.99546 0.0929158
0.76393 -0.0483113 -0.995584 0.0804841
0 0 0 0
0 0 0 0
0 0 0 0
0 0 0 0
1.93166 0.066051 -0.99631 0.0548099
11.5621 0.0224887 -0.995666 0.0902431
1.37819 -0.17591 -0.982867 -0.0550304
5.10966 0.051554 -0.996698 -0.0627243
18.403 -0.0438574 -0.995902 0.0790917
1.07484 0.023576 -0.99647 0.0805682
0 0 0 0
0 0 0 0
0 0 0 0
0 0 0 0
3.07729 0.0561695 -0.99468 0.0863512
16.675 0.0489536 -0.995085 0.0860782
2.96389 -0.0780859 -0.994707 -0.0667809
7.06943 -0.0380967 -0.996084 -0.0797813
27.7344 -0.0649851 -0.995327 0.0714273
0.83994 0.0522591 -0.991641 0.117969
0 0 0 0
0 0 0 0
0 0 0 0
0 0 0 0
3.51699 -0.0290633 -0.992807 0.116148
23.2421 0.0746162 -0.994691 0.0708653
3.8335 0.0217444 -0.996189 -0.0844712
8.12623 -0.118869 -0.988768 -0.0905992
45.5887 -0.0389799 -0.995967 0.0808121
0 0 0 0
0 0 0 0
0 0 0 0
0 0 0 0
0 0 0 0
0.628591 -0.527392 -0.824068 0.20681
26.8327 0.0749468 -0.996466 0.0379217
4.47956 0.118295 -0.987939 -0.099913
5.96728 -0.211575 -0.971992 -0.102312
66.7421 -0.0316497 -0.995363 0.0908291
0 0 0 0
0 0 0 0
0 0 0 0
0 0 0 0
0 0 0 0
0 0 0 0
45.2556 0.069723 -0.99653 0.0454554
4.08679 0.213628 -0.970176 -0.114547
0.548323 -0.307775 -0.941621 -0.136474
55.3548 -0.163875 -0.979012 -0.121161
0 0 0 0
0 0 0 0
0 0 0 0
0 0 0 0
0 0 0 0
0 0 0 0
37.2722 0.19042 -0.97058 -0.147357
0.362113 0.326328 -0.937157 -0.123478
0 0 0 0
22.3244 -0.546787 -0.813486 -0.198154
2.88474 -0.507951 -0.766397 -0.39322
0 0 0 0
0 0 0 0
0 0 0 0
0 0 0 0
8.98021 0.93385 -0.309714 -0.178887
17.7697 0.561518 -0.802998 -0.199729
0 0 0 0
0 0 0 0
0 0 0 0
24.5407 -0.858759 -0.441549 -0.259939
24.143 -0.949484 -0.0686314 -0.30622
6.73267 -0.808603 0.533044 -0.24905
7.72345 0.819985 0.494262 -0.288669
28.1165 0.943536 -0.144778 -0.29796
15.4455 0.867381 -0.443741 -0.225263
0 0 0 0
0 0 0 0
0 0 0 0
0.0720633 -0.0508149 -0.997525 0.0486044
0.00147165 0.0483046 -0.998802 -0.00785866
0 0 0 0
0 0 0 0
0 0 0 0
0 0 0 0
0.0141527 -0.0293401 -0.997061 -0.070772
0.0272997 0.0157616 -0.996879 0.0773584
0 0 0 0
0.139906 0.138951 -0.987333 -0.0765915
6.39614 -0.0266995 -0.995625 0.0895397
0.0821832 -0.0505559 -0.998036 -0.0369801
0 0 0 0
0 0 0 0
0 0 0 0
0 0 0 0
0.655986 0.00537292 -0.999583 -0.0283822
4.68814 0.014249 -0.993181 0.115709
0.137431 -0.139016 -0.987522 -0.0739949
2.07984 0.127606 -0.989045 -0.0742027
15.493 -0.0360924 -0.996002 0.0817192
0.15092 -0.0252532 -0.999667 0.00532452
0 0 0 0
0 0 0 0
0 0 0 0
0 0 0 0
1.54289 -0.0143927 -0.999673 0.02114
11.2694 0.0344763 -0.994478 0.0991187
1.43717 -0.110482 -0.990466 -0.0822905
4.37763 0.049904 -0.996188 -0.0715489
20.9394 -0.0603911 -0.995082 0.0785157
0.392709 0.014169 -0.99926 0.0357578
0 0 0 0
0 0 0 0
0 0 0 0
0 0 0 0
2.10802 -0.029714 -0.998292 0.0503067
14.4673 0.072294 -0.994686 0.0733078
2.74141 -0.0368776 -0.995573 -0.0864599
5.6728 -0.0361197 -0.996196 -0.0793005
21.418 -0.0901304 -0.993422 0.0706284
0.694105 0.0354724 -0.99617 0.0799199
0 0 0 0
0 0 0 0
0 0 0 0
0 0 0 0
1.40738 -0.0212548 -0.997745 0.0636567
15.948 0.129984 -0.989229 0.0672991
3.69556 0.0432473 -0.99525 -0.0872236
6.26362 -0.101625 -0.990837 -0.0889663
27.4206 -0.0848465 -0.995186 0.0490558
0.664433 0.432016 -0.864492 0.256935
0 0 0 0
0 0 0 0
0 0 0 0
0 0 0 0
0.835504 -0.156372 -0.97694 0.14538
16.3479 0.153185 -0.987257 0.0431054
4.19272 0.117027 -0.988926 -0.0912696
4.2173 -0.183694 -0.977546 -0.103245
50.656 -0.026722 -0.995242 0.0936969
0 0 0 0
0 0 0 0
0 0 0 0
0 0 0 0
0 0 0 0
0 0 0 0
17.6863 0.188236 -0.981964 -0.0176909
3.38167 0.221515 -0.96967 -0.103297
1.17713 -0.322764 -0.940072 -0.109948
41.4184 -0.237522 -0.96478 -0.113062
0 0 0 0
0 0 0 0
0 0 0 0
0 0 0 0
0 0 0 0
0.0364562 0.750376 -0.64705 -0.13514
18.9483 0.2811 -0.950847 -0.129892
1.22574 0.33886 -0.931243 -0.134013
0 0 0 0
15.0507 -0.587533 -0.791834 -0.166746
9.39477 -0.757959 -0.628273 -0.175417
0 0 0 0
0 0 0 0
0 0 0 0
0 0 0 0
25.5963 0.843729 -0.519357 -0.13561
11.6327 0.610148 -0.776959 -0.155096
0 0 0 0
0 0 0 0
0 0 0 0
23.8619 -0.889035 -0.427006 -0.165173
29.0248 -0.988696 -0.0657207 -0.134762
7.73026 -0.866433 0.499095 -0.0140899
9.46068 0.890548 0.453692 -0.0329893
29.201 0.978778 -0.14154 -0.14819
12.4063 0.889885 -0.43242 -0.145318
0 0 0 0
0 0 0 0
0.000389336 0.257417 -0.961271 -0.0984591
0.0681957 -0.0537522 -0.998267 0.0239649
0.0179495 -0.0701442 -0.98065 -0.182771
0 0 0 0
0 0 0 0
0 0 0 0
0 0 0 0
0.024811 0.0654236 -0.993941 -0.0883275
0.0109187 0.00824172 -0.992038 0.125672
0 0 0 0
0.181475 0.1512 -0.984367 -0.0903303
3.9746 -0.0342326 -0.996773 0.0726011
0.806094 -0.0636757 -0.987834 -0.141881
0 0 0 0
0 0 0 0
0 0 0 0
0 0 0 0
1.48713 0.0772033 -0.991887 -0.100998
2.79934 -0.0133858 -0.99355 0.112601
0.0572179 -0.215459 -0.975926 -0.0338543
1.37464 0.0833471 -0.993733 -0.0744858
9.50508 -0.0473892 -0.996634 0.0668908
1.95967 -0.0224465 -0.998093 -0.0575048
0 0 0 0
0 0 0 0
0 0 0 0
0 0 0 0
4.19149 0.0509449 -0.99722 -0.0543823
7.90306 0.0222579 -0.996337 0.082562
1.09655 -0.159608 -0.985328 -0.0604497
3.36699 0.0217736 -0.996835 -0.0764564
11.1169 -0.0770838 -0.995998 0.0452395
4.30307 -0.0119101 -0.999712 0.0208146
0 0 0 0
0 0 0 0
0 0 0 0
0 0 0 0
7.34628 0.0400755 -0.999081 -0.0152271
9.23485 0.0621178 -0.996283 0.0596848
2.54815 -0.0520412 -0.995979 -0.0729191
4.59661 -0.0478196 -0.995164 -0.0858
10.2087 -0.106559 -0.993721 0.0340999
9.87797 -0.0208019 -0.995958 0.0873789
0 0 0 0
0 0 0 0
0 0 0 0
0 0 0 0
10.5786 -0.00238426 -0.998587 0.0530972
10.0081 0.103867 -0.993536 0.0458011
3.7665 0.0621109 -0.994874 -0.079794
4.33302 -0.125248 -0.987684 -0.09377
11.4258 -0.142095 -0.98977 0.0128038
10.68 0.100205 -0.987673 0.120251
0 0 0 0
0 0 0 0
0 0 0 0
0 0 0 0
12.0547 -0.215698 -0.960928 0.173472
8.89985 0.148215 -0.988812 0.0167952
3.41099 0.137135 -0.986804 -0.0860909
2.84295 -0.227879 -0.96836 -0.101733
14.9909 -0.193624 -0.980909 -0.0180811
0.766106 0.231775 -0.970653 -0.0641357
0 0 0 0
0 0 0 0
0 0 0 0
0 0 0 0
5.59757 -0.122363 -0.992292 0.0196164
9.43821 0.233224 -0.971875 -0.0326579
1.00618 0.168942 -0.981666 -0.0882605
0.537873 -0.357266 -0.928657 -0.0997846
19.9831 -0.329054 -0.940302 -0.0869193
0 0 0 0
0 0 0 0
0 0 0 0
0 0 0 0
0 0 0 0
16.9681 0.78005 -0.618534 0.0945425
11.9485 0.373254 -0.922244 -0.100736
0.125045 0.288542 -0.95288 -0.0936105
0 0 0 0
7.45827 -0.679414 -0.722003 -0.1308
35.7999 -0.782623 -0.620232 -0.0530403
0 0 0 0
0 0 0 0
0 0 0 0
0 0 0 0
35.5724 0.750596 -0.652425 -0.104625
6.04322 0.62605 -0.766098 -0.145449
0 0 0 0
0 0 0 0
0 0 0 0
4.79238 -0.918651 -0.382754 -0.0978737
23.4152 -0.983624 -0.178889 -0.0219458
11.2323 -0.957872 0.259685 0.122655
12.9397 0.971448 0.201507 0.125231
23.4519 0.97692 -0.210697 -0.0351209
2.87338 0.910663 -0.390949 -0.133608
0 0 0 0
0 0 0 0
0 0 0 0
0.0198926 0.0282385 -0.999581 0.00639356
0 0 0 0
0 0 0 0
0 0 0 0
0 0 0 0
0 0 0 0
0.00117477 0.0781284 -0.993526 -0.0824734
0.00487655 -0.0145326 -0.99496 0.099212
0 0 0 0
0.0544527 0.094036 -0.993175 -0.0690027
1.89758 0.0230918 -0.999728 0.00314421
0.0694318 -0.00776113 -0.997212 0.0742154
0 0 0 0
0 0 0 0
0 0 0 0
0 0 0 0
0.0455436 0.0590375 -0.997181 -0.0463153
1.99707 -0.0365444 -0.999225 0.0146158
0.00478901 -0.235409 -0.967222 -0.095203
0.54361 0.0640402 -0.995595 -0.0684789
5.1411 -0.0232198 -0.999652 0.0125465
0.344688 -0.0347301 -0.998412 0.0443579
0 0 0 0
0 0 0 0
0 0 0 0
0 0 0 0
0.177909 0.0310485 -0.999473 -0.00947492
4.99122 0.0144718 -0.999828 0.011568
0.540503 -0.139536 -0.98565 -0.0949976
1.38712 -0.00317795 -0.996935 -0.0781635
7.35952 -0.0675355 -0.997595 0.0156214
0.787617 -0.0306274 -0.99863 0.0424176
0 0 0 0
0 0 0 0
0 0 0 0
0 0 0 0
0.412897 0.00304244 -0.999427 0.0337214
6.11829 0.0746863 -0.997159 0.00976214
1.05185 -0.0311675 -0.995313 -0.0915403
1.56064 -0.0845148 -0.992627 -0.0868884
8.76963 -0.101431 -0.994699 0.0169175
1.1618 -0.0379541 -0.997942 0.0516868
0 0 0 0
0 0 0 0
0 0 0 0
0 0 0 0
0.696923 0.0672135 -0.997282 0.0301892
8.17265 0.146149 -0.98925 0.00498008
1.39011 0.0744907 -0.994802 -0.0694232
0.848775 -0.184135 -0.979348 -0.0834947
9.63357 -0.158173 -0.987359 0.0101257
1.72705 -0.0297391 -0.998772 0.0396307
0 0 0 0
0 0 0 0
0 0 0 0
0 0 0 0
1.36002 0.093821 -0.995445 0.0169359
9.49402 0.217339 -0.975884 -0.0203617
1.06125 0.15459 -0.987306 -0.0364478
0.171251 -0.317767 -0.947571 -0.0336789
10.9839 -0.26744 -0.963395 -0.0185848
1.95026 -0.000667349 -0.999991 0.00430733
0 0 0 0
0 0 0 0
0 0 0 0
0 0 0 0
5.3191 0.0250762 -0.998658 -0.0453109
8.10697 0.293752 -0.954984 -0.0414106
0.0308597 0.275442 -0.959045 -0.066067
0 0 0 0
10.9154 -0.434531 -0.89717 -0.0791725
16.5462 -0.38496 -0.921641 0.048816
0 0 0 0
0 0 0 0
0 0 0 0
0 0 0 0
23.871 0.434387 -0.900687 0.00842549
5.82424 0.420845 -0.904479 -0.0693318
0 0 0 0
0 0 0 0
1.73903 -0.697949 -0.709051 -0.100571
29.2772 -0.808115 -0.588069 -0.033545
18.3606 -0.933482 -0.226204 0.278286
0.0379803 -0.719722 0.448112 0.530279
0.132813 0.722928 0.464704 0.511298
17.3647 0.920097 -0.253026 0.298997
20.1115 0.795146 -0.60313 -0.0630568
1.27259 0.702855 -0.704623 -0.0974709
0 0 0 0
0 0 0 0
0 0 0 0
0 0 0 0
4.56397 -0.979921 -0.197852 0.0246674
4.91895 -0.982629 0.0778767 0.168451
6.18249 0.982813 0.0917069 0.160216
5.51717 0.974477 -0.221933 0.0337646
0 0 0 0
0 0 0 0
0 0 0 0
0 0 0 0
0 0 0 0
0 0 0 0
0 0 0 0
0 0 0 0
0 0 0 0
0 0 0 0
0 0 0 0
0.000428704 -0.0961979 -0.995159 -0.0201374
0 0 0 0
0 0 0 0
0.232636 0.117388 -0.988927 -0.0907966
0 0 0 0
0 0 0 0
0 0 0 0
0 0 0 0
0 0 0 0
0 0 0 0
0.339491 -0.191497 -0.979123 -0.0681739
0 0 0 0
0 0 0 0
1.06044 0.00632421 -0.997941 -0.0638223
0 0 0 0
0 0 0 0
0 0 0 0
0 0 0 0
0 0 0 0
0 0 0 0
1.46211 -0.0536317 -0.996901 -0.0575434
0 0 0 0
0.0130543 -0.0535123 -0.996106 -0.0700715
1.44512 -0.0554765 -0.998142 -0.0251806
0 0 0 0
0 0 0 0
0 0 0 0
0 0 0 0
0 0 0 0
0 0 0 0
2.21037 0.0357336 -0.998694 -0.0365126
0 0 0 0
0 0 0 0
2.16859 -0.0846578 -0.99641 -0.000355247
0 0 0 0
0 0 0 0
0 0 0 0
0 0 0 0
0 0 0 0
0 0 0 0
3.98088 0.1169 -0.993033 -0.014857
0 0 0 0
0 0 0 0
4.36447 -0.224851 -0.973838 -0.0328909
0 0 0 0
0 0 0 0
0 0 0 0
0 0 0 0
0 0 0 0
0 0 0 0
5.61228 0.208864 -0.977864 -0.0125821
0 0 0 0
0 0 0 0
5.9914 -0.330791 -0.943037 -0.03548
0.0286331 -0.292169 -0.956042 0.024898
0 0 0 0
0 0 0 0
0 0 0 0
0 0 0 0
0.0283313 0.284343 -0.957814 0.0417367
4.80161 0.318743 -0.947695 -0.0166609
0 0 0 0
0 0 0 0
1.92002 -0.494368 -0.867964 -0.0473195
6.78491 -0.647081 -0.76242 -0.00127535
0 0 0 0
0 0 0 0
0 0 0 0
0 0 0 0
8.30391 0.624066 -0.779864 -0.0485165
0.595828 0.44773 -0.893921 -0.021064
0 0 0 0
0 0 0 0
0 0 0 0
2.14691 -0.871324 -0.48843 -0.0472339
12.5586 -0.920366 -0.371779 0.12127
4.98713 -0.958597 -0.0573621 0.278929
4.6323 0.956649 -0.0926491 0.276114
12.0697 0.917729 -0.37575 0.128784
1.66863 0.864856 -0.502016 0.00220823
0 0 0 0
0 0 0 0
0 0 0 0
0 0 0 0
0 0 0 0
0 0 0 0
0 0 0 0
0 0 0 0
0 0 0 0
0 0 0 0
0 0 0 0
0 0 0 0
