0 0 0 0 0 0 0
1 0 0 0 0 0 0
2 0 0 0 0 0 0
3 0 0 0 0 0 0
4 0 0 0.000571465 0.0747392 -0.875686 -0.477061
5 0 0 0 0 0 0
6 0 0 0.00134317 0.0903363 -0.993197 -0.0734783
7 0 0 0 0 0 0
8 0 0 0 0 0 0
9 0 0 0 0 0 0
0 1 0 0 0 0 0
1 1 0 0 0 0 0
2 1 0 0.00737327 0.087648 -0.98824 0.125299
3 1 0 0.00387289 -0.0063345 -0.99983 -0.0173395
4 1 0 0.00319398 -0.047416 -0.99664 0.0667902
5 1 0 0.00630095 0.0247107 -0.997066 -0.0724526
6 1 0 0 0 0 0
7 1 0 0 0 0 0
8 1 0 0 0 0 0
9 1 0 0 0 0 0
0 2 0 0 0 0 0
1 2 0 0 0 0 0
2 2 0 0.0230889 0.0537406 -0.995546 0.0774609
3 2 0 0.0136144 -0.0137767 -0.998293 -0.0567633
4 2 0 0.0120451 -0.0367325 -0.999277 0.00980114
5 2 0 0.0265896 -0.00463543 -0.997482 -0.0707618
6 2 0 0 0 0 0
7 2 0 0 0 0 0
8 2 0 0 0 0 0
9 2 0 0 0 0 0
0 3 0 0 0 0 0
1 3 0 0 0 0 0
2 3 0 0.0352462 0.0056454 -0.999834 0.0173164
3 3 0 0.0213062 -0.0334916 -0.992606 -0.116668
4 3 0 0.0193271 -0.0223484 -0.997847 -0.0616582
5 3 0 0.0415302 -0.0190803 -0.996848 -0.0770102
6 3 0 0 0 0 0
7 3 0 0 0 0 0
8 3 0 0 0 0 0
9 3 0 0 0 0 0
0 4 0 0 0 0 0
1 4 0 0 0 0 0
2 4 0 0.0469818 -0.0312311 -0.999013 -0.0316013
3 4 0 0 0 0 0
4 4 0 0.0260752 -0.000251736 -0.989123 -0.147094
5 4 0 0.0265915 0.00866683 -0.996599 -0.0819515
6 4 0 0 0 0 0
7 4 0 0 0 0 0
8 4 0 0 0 0 0
9 4 0 0 0 0 0
0 5 0 0 0 0 0
1 5 0 0 0 0 0
2 5 0 0.0379191 -0.0201454 -0.995665 -0.0908041
3 5 0 0 0 0 0
4 5 0 0.0324399 0.00547672 -0.979654 -0.200619
5 5 0 0.0339177 0.0187258 -0.994522 -0.102834
6 5 0 0 0 0 0
7 5 0 0 0 0 0
8 5 0 0 0 0 0
9 5 0 0 0 0 0
0 6 0 0 0 0 0
1 6 0 0 0 0 0
2 6 0 0.0332086 -0.07143 -0.986495 -0.147393
3 6 0 0 0 0 0
4 6 0 0.0388797 -0.0117432 -0.977555 -0.210354
5 6 0 0 0 0 0
6 6 0 0 0 0 0
7 6 0 0 0 0 0
8 6 0 0 0 0 0
9 6 0 0 0 0 0
0 7 0 0 0 0 0
1 7 0 0 0 0 0
2 7 0 0.038635 -0.179063 -0.957984 -0.224061
3 7 0 0 0 0 0
4 7 0 0 0 0 0
5 7 0 0 0 0 0
6 7 0 0 0 0 0
7 7 0 0 0 0 0
8 7 0 0 0 0 0
9 7 0 0 0 0 0
0 8 0 0 0 0 0
1 8 0 0 0 0 0
2 8 0 0 0 0 0
3 8 0 0 0 0 0
4 8 0 0 0 0 0
5 8 0 0 0 0 0
6 8 0 0 0 0 0
7 8 0 0 0 0 0
8 8 0 0 0 0 0
9 8 0 0 0 0 0
0 9 0 0 0 0 0
1 9 0 0 0 0 0
2 9 0 0 0 0 0
3 9 0 0 0 0 0
4 9 0 0 0 0 0
5 9 0 0 0 0 0
6 9 0 0 0 0 0
7 9 0 0 0 0 0
8 9 0 0 0 0 0
9 9 0 0 0 0 0
0 0 1 0 0 0 0
1 0 1 0 0 0 0
2 0 1 0 0 0 0
3 0 1 0 0 0 0
4 0 1 0 0 0 0
5 0 1 0 0 0 0
6 0 1 0.00118485 0.14223 -0.940358 -0.309028
7 0 1 0 0 0 0
8 0 1 0 0 0 0
9 0 1 0 0 0 0
0 1 1 0 0 0 0
1 1 1 0.00317475 0.215892 -0.967548 0.131305
2 1 1 0.00893319 -0.0461515 -0.982188 -0.182142
3 1 1 0.00431724 -0.0191379 -0.987629 -0.155635
4 1 1 0.0329673 -0.0180025 -0.935536 -0.352771
5 1 1 0.0109961 -0.0963527 -0.951382 -0.292556
6 1 1 0.00935794 -0.0110051 -0.996166 -0.086791
7 1 1 0 0 0 0
8 1 1 0 0 0 0
9 1 1 0 0 0 0
0 2 1 0 0 0 0
1 2 1 0.0207549 0.0807339 -0.99613 0.0347422
2 2 1 0.030228 -0.055889 -0.987619 -0.146579
3 2 1 0.0154074 -0.00462501 -0.991437 -0.130504
4 2 1 0.0373136 -0.00997976 -0.990682 -0.135827
5 2 1 0.0217238 0.00996196 -0.975205 -0.221079
6 2 1 0.0311281 0.018881 -0.993947 -0.108229
7 2 1 0 0 0 0
8 2 1 0 0 0 0
9 2 1 0 0 0 0
0 3 1 0 0 0 0
1 3 1 0.0172284 0.025273 -0.999542 -0.0166192
2 3 1 0 0 0 0
3 3 1 0.0239266 0.0190744 -0.993709 -0.110352
4 3 1 0.0270839 -0.0795912 -0.984007 -0.15936
5 3 1 0 0 0 0
6 3 1 0.0701803 0.0344051 -0.986293 -0.161374
7 3 1 0 0 0 0
8 3 1 0 0 0 0
9 3 1 0 0 0 0
0 4 1 0 0 0 0
1 4 1 0.0229417 -0.0169071 -0.998007 -0.0607945
2 4 1 0 0 0 0
3 4 1 0.0610223 0.0209815 -0.995891 -0.0880946
4 4 1 0.0355682 -0.0717539 -0.993674 -0.0863928
5 4 1 0.02987 -0.0845389 -0.987225 -0.135057
6 4 1 0.0630204 0.00618619 -0.981753 -0.19006
7 4 1 0 0 0 0
8 4 1 0 0 0 0
9 4 1 0 0 0 0
0 5 1 0 0 0 0
1 5 1 0.0281308 -0.05875 -0.992845 -0.10396
2 5 1 0 0 0 0
3 5 1 0.157965 0.00553267 -0.998688 0.0509047
4 5 1 0.104301 0.0608441 -0.961911 0.266505
5 5 1 0.0739944 0.00595252 -0.996947 -0.0778505
6 5 1 0.0664721 0.0115792 -0.99963 -0.0246217
7 5 1 0 0 0 0
8 5 1 0 0 0 0
9 5 1 0 0 0 0
0 6 1 0 0 0 0
1 6 1 0.0307246 -0.163202 -0.981403 -0.101058
2 6 1 0 0 0 0
3 6 1 0.122426 0.0675686 -0.997259 -0.0301624
4 6 1 0.0605463 0.0246429 -0.995603 0.0903776
5 6 1 0.0884455 0.112593 -0.993101 0.0327509
6 6 1 0.1011 -0.00275546 -0.982416 0.186685
7 6 1 0 0 0 0
8 6 1 0 0 0 0
9 6 1 0 0 0 0
0 7 1 0 0 0 0
1 7 1 0.0355303 -0.25822 -0.952163 -0.163427
2 7 1 0 0 0 0
3 7 1 0.122361 0.0108353 -0.996526 -0.082574
4 7 1 0.0492842 -0.0464494 -0.968668 -0.243979
5 7 1 0.109142 0.100776 -0.985865 -0.133847
6 7 1 0.182881 0.131367 -0.991295 -0.00873963
7 7 1 0 0 0 0
8 7 1 0 0 0 0
9 7 1 0 0 0 0
0 8 1 0 0 0 0
1 8 1 0 0 0 0
2 8 1 0 0 0 0
3 8 1 0.0512234 -0.494715 -0.737183 -0.460238
4 8 1 0.0591222 -0.0386271 -0.872382 -0.487296
5 8 1 0.134633 0.0937371 -0.840925 -0.532971
6 8 1 0 0 0 0
7 8 1 0 0 0 0
8 8 1 0 0 0 0
9 8 1 0 0 0 0
0 9 1 0 0 0 0
1 9 1 0 0 0 0
2 9 1 0 0 0 0
3 9 1 0 0 0 0
4 9 1 0 0 0 0
5 9 1 0 0 0 0
6 9 1 0 0 0 0
7 9 1 0 0 0 0
8 9 1 0 0 0 0
9 9 1 0 0 0 0
0 0 2 0 0 0 0
1 0 2 0 0 0 0
2 0 2 0 0 0 0
3 0 2 0 0 0 0
4 0 2 0 0 0 0
5 0 2 0 0 0 0
6 0 2 0 0 0 0
7 0 2 0.00151171 0.255152 -0.951132 -0.173911
8 0 2 0 0 0 0
9 0 2 0 0 0 0
0 1 2 0.00210487 0.164986 -0.986277 -0.0061472
1 1 2 0.0120349 -0.0646398 -0.997794 0.0151215
2 1 2 0 0 0 0
3 1 2 0.013699 -0.170553 -0.963403 -0.206801
4 1 2 0 0 0 0
5 1 2 0 0 0 0
6 1 2 0.0130374 0.185158 -0.978349 -0.0924683
7 1 2 0.0216109 0.170329 -0.974599 -0.145414
8 1 2 0.0100484 -0.00240959 -0.99996 0.00856988
9 1 2 0 0 0 0
0 2 2 0.0118514 0.100255 -0.994629 -0.0257226
1 2 2 0.0253227 -0.0612253 -0.998116 -0.00410168
2 2 2 0 0 0 0
3 2 2 0.0233487 -0.0887437 -0.984755 -0.149609
4 2 2 0.0270618 -0.18133 -0.833344 -0.522166
5 2 2 0 0 0 0
6 2 2 0.0216802 0.169673 -0.980363 -0.100492
7 2 2 0.0175199 0.128096 -0.987633 -0.0904022
8 2 2 0.0361003 0.0239806 -0.999505 -0.0203864
9 2 2 0 0 0 0
0 3 2 0.0174669 0.00805628 -0.998579 -0.052685
1 3 2 0.0396226 -0.053184 -0.997781 -0.040045
2 3 2 0.0490334 -0.106462 -0.986689 -0.122928
3 3 2 0.0611531 -0.0390956 -0.991214 -0.12636
4 3 2 0 0 0 0
5 3 2 0 0 0 0
6 3 2 0.0306813 0.14221 -0.984898 -0.0987522
7 3 2 0.0259041 0.184888 -0.981563 -0.0484743
8 3 2 0.0389882 0.0422082 -0.998192 -0.0427951
9 3 2 0 0 0 0
0 4 2 0.0228743 -0.0737745 -0.99477 -0.0706443
1 4 2 0.0254709 -0.0378048 -0.992448 -0.116692
2 4 2 0.0631468 -0.14371 -0.987345 -0.0670679
3 4 2 0.0856333 0.0479199 -0.93921 0.339984
4 4 2 0.0131332 -0.0413688 -0.998873 0.0232804
5 4 2 0 0 0 0
6 4 2 0.0581684 -0.248324 -0.953989 0.168047
7 4 2 0 0 0 0
8 4 2 0.051313 0.0537837 -0.996649 -0.0616312
9 4 2 0 0 0 0
0 5 2 0 0 0 0
1 5 2 0.0312956 -0.0494373 -0.986058 -0.158892
2 5 2 0.104072 -0.0416974 -0.998883 0.0222501
3 5 2 0.048788 -0.0317353 -0.814051 0.579926
4 5 2 0 0 0 0
5 5 2 0 0 0 0
6 5 2 0.114909 -0.0277042 -0.914615 0.403375
7 5 2 0.123433 -0.0533114 -0.945533 0.32113
8 5 2 0.0594966 0.0984589 -0.992369 -0.0742319
9 5 2 0 0 0 0
0 6 2 0 0 0 0
1 6 2 0.0371836 -0.0860259 -0.984903 -0.150218
2 6 2 0.104544 0.115459 -0.960093 0.254738
3 6 2 0 0 0 0
4 6 2 0 0 0 0
5 6 2 0 0 0 0
6 6 2 0 0 0 0
7 6 2 0.0369858 0.020834 -0.992816 -0.117823
8 6 2 0.0705211 0.182016 -0.975501 -0.123566
9 6 2 0 0 0 0
0 7 2 0 0 0 0
1 7 2 0 0 0 0
2 7 2 0.0532133 -0.0913293 -0.994026 -0.0597645
3 7 2 0 0 0 0
4 7 2 0 0 0 0
5 7 2 0 0 0 0
6 7 2 0 0 0 0
7 7 2 0.0464014 0.0340694 -0.969365 -0.243249
8 7 2 0.038024 0.255653 -0.947499 -0.192062
9 7 2 0 0 0 0
0 8 2 0 0 0 0
1 8 2 0.0276516 -0.434351 -0.856251 -0.279595
2 8 2 0.118702 -0.39822 -0.833723 -0.382526
3 8 2 0 0 0 0
4 8 2 0 0 0 0
5 8 2 0 0 0 0
6 8 2 0 0 0 0
7 8 2 0 0 0 0
8 8 2 0 0 0 0
9 8 2 0 0 0 0
0 9 2 0 0 0 0
1 9 2 0 0 0 0
2 9 2 0 0 0 0
3 9 2 0.0618338 -0.435446 -0.457803 -0.775115
4 9 2 0 0 0 0
5 9 2 0 0 0 0
6 9 2 0 0 0 0
7 9 2 0 0 0 0
8 9 2 0 0 0 0
9 9 2 0 0 0 0
0 0 3 0 0 0 0
1 0 3 0 0 0 0
2 0 3 0 0 0 0
3 0 3 0 0 0 0
4 0 3 0 0 0 0
5 0 3 0 0 0 0
6 0 3 0 0 0 0
7 0 3 0.00169561 0.256673 -0.963742 -0.0729478
8 0 3 0 0 0 0
9 0 3 0 0 0 0
0 1 3 0 0 0 0
1 1 3 0 0 0 0
2 1 3 0.0120072 -0.17181 -0.98071 -0.0932191
3 1 3 0 0 0 0
4 1 3 0 0 0 0
5 1 3 0 0 0 0
6 1 3 0 0 0 0
7 1 3 0.0237565 0.19396 -0.979235 -0.0589827
8 1 3 0.00147566 -0.0938066 -0.99362 0.0626026
9 1 3 0 0 0 0
0 2 3 0 0 0 0
1 2 3 0.014965 -0.085264 -0.995533 -0.0405382
2 2 3 0.022412 -0.127741 -0.9903 -0.0546645
3 2 3 0 0 0 0
4 2 3 0 0 0 0
5 2 3 0 0 0 0
6 2 3 0.0251072 0.186856 -0.977016 -0.102587
7 2 3 0.0213344 0.0729969 -0.995963 -0.0522436
8 2 3 0 0 0 0
9 2 3 0 0 0 0
0 3 3 0 0 0 0
1 3 3 0.030104 -0.065979 -0.997809 0.00487095
2 3 3 0.0314036 -0.0730298 -0.997274 -0.010561
3 3 3 0 0 0 0
4 3 3 0 0 0 0
5 3 3 0 0 0 0
6 3 3 0.0344225 0.123298 -0.991852 -0.0320563
7 3 3 0.0309713 -0.0325416 -0.997767 -0.0583333
8 3 3 0 0 0 0
9 3 3 0 0 0 0
0 4 3 0 0 0 0
1 4 3 0.0594221 -0.0719248 -0.997002 0.0285373
2 4 3 0.0843779 0.395198 -0.875621 0.277681
3 4 3 0 0 0 0
4 4 3 0 0 0 0
5 4 3 0 0 0 0
6 4 3 0.0713252 -0.534895 -0.722144 0.438628
7 4 3 0.164952 -0.167954 -0.942217 0.28986
8 4 3 0 0 0 0
9 4 3 0 0 0 0
0 5 3 0 0 0 0
1 5 3 0.0729139 -0.0197325 -0.99875 0.0459335
2 5 3 0 0 0 0
3 5 3 0 0 0 0
4 5 3 0 0 0 0
5 5 3 0 0 0 0
6 5 3 0 0 0 0
7 5 3 0.0390824 -0.0877353 -0.99585 0.0241834
8 5 3 0.0291765 0.071339 -0.992739 -0.0968505
9 5 3 0 0 0 0
0 6 3 0 0 0 0
1 6 3 0.094134 0.200038 -0.970911 0.131593
2 6 3 0 0 0 0
3 6 3 0 0 0 0
4 6 3 0 0 0 0
5 6 3 0 0 0 0
6 6 3 0 0 0 0
7 6 3 0 0 0 0
8 6 3 0.098219 0.137241 -0.987976 -0.0711923
9 6 3 0 0 0 0
0 7 3 0 0 0 0
1 7 3 0.238612 -0.409267 -0.90014 -0.149162
2 7 3 0 0 0 0
3 7 3 0 0 0 0
4 7 3 0 0 0 0
5 7 3 0 0 0 0
6 7 3 0 0 0 0
7 7 3 0 0 0 0
8 7 3 0.0899457 0.208009 -0.965226 -0.158339
9 7 3 0 0 0 0
0 8 3 0 0 0 0
1 8 3 0.0923464 -0.478729 -0.82861 -0.290214
2 8 3 0 0 0 0
3 8 3 0 0 0 0
4 8 3 0 0 0 0
5 8 3 0 0 0 0
6 8 3 0 0 0 0
7 8 3 0.271527 0.385484 -0.783674 -0.48709
8 8 3 0.0433157 0.534425 -0.81694 -0.216793
9 8 3 0 0 0 0
0 9 3 0 0 0 0
1 9 3 0 0 0 0
2 9 3 0 0 0 0
3 9 3 0.0593565 -0.78178 -0.332331 -0.527613
4 9 3 0.0250386 -0.389468 0.410108 -0.824698
5 9 3 0 0 0 0
6 9 3 0 0 0 0
7 9 3 0 0 0 0
8 9 3 0 0 0 0
9 9 3 0 0 0 0
0 0 4 0 0 0 0
1 0 4 0.00284187 -0.331348 -0.932898 -0.141102
2 0 4 0.00120136 -0.234498 -0.972113 0.00269188
3 0 4 0 0 0 0
4 0 4 0 0 0 0
5 0 4 0 0 0 0
6 0 4 0 0 0 0
7 0 4 0 0 0 0
8 0 4 0.00053203 0.0883753 -0.993032 0.0779563
9 0 4 0 0 0 0
0 1 4 0.00566407 0.21689 -0.976116 0.0125272
1 1 4 0 0 0 0
2 1 4 0.0130334 -0.165558 -0.985884 0.0249624
3 1 4 0 0 0 0
4 1 4 0 0 0 0
5 1 4 0 0 0 0
6 1 4 0 0 0 0
7 1 4 0.0117407 0.115527 -0.990759 0.071067
8 1 4 0.01483 0.0876224 -0.992657 0.0833895
9 1 4 0.00410576 -0.0408715 -0.999048 0.0152302
0 2 4 0.0210517 0.161286 -0.986718 -0.019375
1 2 4 0.0207311 -0.14283 -0.989365 0.0275058
2 2 4 0.0444696 -0.104191 -0.993308 0.0498366
3 2 4 0 0 0 0
4 2 4 0 0 0 0
5 2 4 0 0 0 0
6 2 4 0 0 0 0
7 2 4 0.0210333 0.123211 -0.991719 0.0362291
8 2 4 0.0514528 0.0606024 -0.99401 0.090953
9 2 4 0.0115092 -0.0134845 -0.999831 -0.012471
0 3 4 0.0171562 0.0171885 -0.998925 -0.0430491
1 3 4 0.0287248 -0.117236 -0.991971 0.0474181
2 3 4 0.063256 -0.0261667 -0.99273 0.117487
3 3 4 0 0 0 0
4 3 4 0 0 0 0
5 3 4 0 0 0 0
6 3 4 0 0 0 0
7 3 4 0.0591936 0.14129 -0.989943 0.00706261
8 3 4 0.0581128 0.025027 -0.993892 0.107482
9 3 4 0.0168704 0.00898536 -0.999306 -0.0361584
0 4 4 0.0225717 -0.0685866 -0.994449 -0.0797883
1 4 4 0.0956336 -0.0374138 -0.994893 0.0937484
2 4 4 0.0447258 0.429197 -0.893531 0.131881
3 4 4 0 0 0 0
4 4 4 0 0 0 0
5 4 4 0 0 0 0
6 4 4 0 0 0 0
7 4 4 0.0764146 -0.0508539 -0.993345 0.103342
8 4 4 0.060247 -0.0483767 -0.993584 0.102228
9 4 4 0.0220646 0.0110732 -0.997874 -0.0642308
0 5 4 0.0276644 -0.153554 -0.981364 -0.115523
1 5 4 0.218831 0.176623 -0.964408 0.19678
2 5 4 0 0 0 0
3 5 4 0 0 0 0
4 5 4 0 0 0 0
5 5 4 0 0 0 0
6 5 4 0 0 0 0
7 5 4 0 0 0 0
8 5 4 0.0729624 -0.0423668 -0.995854 0.0804949
9 5 4 0.0268596 0.00275657 -0.99651 -0.0834301
0 6 4 0.0325411 -0.221274 -0.965079 -0.140216
1 6 4 0.109524 0.0738849 -0.995609 0.057485
2 6 4 0 0 0 0
3 6 4 0 0 0 0
4 6 4 0 0 0 0
5 6 4 0 0 0 0
6 6 4 0 0 0 0
7 6 4 0 0 0 0
8 6 4 0.212825 0.0311828 -0.998913 0.0346537
9 6 4 0 0 0 0
0 7 4 0 0 0 0
1 7 4 0.0728649 -0.0330522 -0.999427 0.00722896
2 7 4 0 0 0 0
3 7 4 0 0 0 0
4 7 4 0 0 0 0
5 7 4 0 0 0 0
6 7 4 0 0 0 0
7 7 4 0 0 0 0
8 7 4 0.0998095 0.213159 -0.97338 -0.0842293
9 7 4 0 0 0 0
0 8 4 0 0 0 0
1 8 4 0.0240524 -0.696024 -0.679707 -0.231408
2 8 4 0 0 0 0
3 8 4 0 0 0 0
4 8 4 0 0 0 0
5 8 4 0 0 0 0
6 8 4 0 0 0 0
7 8 4 0 0 0 0
8 8 4 0 0 0 0
9 8 4 0 0 0 0
0 9 4 0 0 0 0
1 9 4 0 0 0 0
2 9 4 0.122057 -0.777017 -0.443255 -0.446956
3 9 4 0.11673 -0.829705 0.197757 -0.521998
4 9 4 0.0750623 -0.68041 0.570118 -0.460444
5 9 4 0 0 0 0
6 9 4 0.133527 0.853253 -0.2154 -0.474935
7 9 4 0.102698 0.808891 -0.466104 -0.358389
8 9 4 0 0 0 0
9 9 4 0 0 0 0
0 0 5 0 0 0 0
1 0 5 0 0 0 0
2 0 5 0 0 0 0
3 0 5 0 0 0 0
4 0 5 0 0 0 0
5 0 5 0 0 0 0
6 0 5 0 0 0 0
7 0 5 0 0 0 0
8 0 5 0.00273819 0.0217567 -0.996387 0.0820934
9 0 5 0 0 0 0
0 1 5 0 0 0 0
1 1 5 0.0084168 -0.0158948 -0.995628 0.0920479
2 1 5 0 0 0 0
3 1 5 0 0 0 0
4 1 5 0 0 0 0
5 1 5 0 0 0 0
6 1 5 0 0 0 0
7 1 5 0 0 0 0
8 1 5 0.0257768 0.0144185 -0.996648 0.0805341
9 1 5 0.00400577 -0.17548 -0.984482 0.00124877
0 2 5 0 0 0 0
1 2 5 0.0157542 -0.00619841 -0.995399 0.0956155
2 2 5 0 0 0 0
3 2 5 0 0 0 0
4 2 5 0 0 0 0
5 2 5 0 0 0 0
6 2 5 0 0 0 0
7 2 5 0 0 0 0
8 2 5 0.062341 0.0281889 -0.996475 0.079018
9 2 5 0.011392 -0.101823 -0.994669 -0.0162696
0 3 5 0 0 0 0
1 3 5 0.0231283 -0.00785929 -0.995015 0.0994169
2 3 5 0 0 0 0
3 3 5 0 0 0 0
4 3 5 0 0 0 0
5 3 5 0 0 0 0
6 3 5 0 0 0 0
7 3 5 0 0 0 0
8 3 5 0.0665996 0.0687314 -0.994505 0.0789629
9 3 5 0.0346377 -0.0256169 -0.999049 -0.0352717
0 4 5 0 0 0 0
1 4 5 0.0650132 0.035981 -0.987672 0.152347
2 4 5 0 0 0 0
3 4 5 0 0 0 0
4 4 5 0 0 0 0
5 4 5 0 0 0 0
6 4 5 0 0 0 0
7 4 5 0 0 0 0
8 4 5 0.150514 0.0898235 -0.994812 0.0477665
9 4 5 0.0454809 0.0630218 -0.996587 -0.0533163
0 5 5 0 0 0 0
1 5 5 0.0411127 0.138334 -0.982219 0.126924
2 5 5 0 0 0 0
3 5 5 0 0 0 0
4 5 5 0 0 0 0
5 5 5 0 0 0 0
6 5 5 0 0 0 0
7 5 5 0 0 0 0
8 5 5 0.132137 0.0963548 -0.995314 0.00815765
9 5 5 0.0275608 0.160498 -0.98434 -0.0729088
0 6 5 0 0 0 0
1 6 5 0 0 0 0
2 6 5 0 0 0 0
3 6 5 0 0 0 0
4 6 5 0 0 0 0
5 6 5 0 0 0 0
6 6 5 0 0 0 0
7 6 5 0 0 0 0
8 6 5 0.15817 0.0575413 -0.997308 -0.0454496
9 6 5 0 0 0 0
0 7 5 0.0343094 -0.305211 -0.939085 -0.158005
1 7 5 0.0583382 -0.270917 -0.961187 -0.0521797
2 7 5 0 0 0 0
3 7 5 0 0 0 0
4 7 5 0 0 0 0
5 7 5 0 0 0 0
6 7 5 0 0 0 0
7 7 5 0 0 0 0
8 7 5 0.202896 0.0740578 -0.975081 -0.209123
9 7 5 0 0 0 0
0 8 5 0 0 0 0
1 8 5 0.0484642 -0.552978 -0.792052 -0.258591
2 8 5 0 0 0 0
3 8 5 0 0 0 0
4 8 5 0 0 0 0
5 8 5 0 0 0 0
6 8 5 0 0 0 0
7 8 5 0 0 0 0
8 8 5 0.0457236 0.671746 -0.70176 -0.237255
9 8 5 0 0 0 0
0 9 5 0 0 0 0
1 9 5 0.0481127 -0.774812 -0.60554 -0.181624
2 9 5 0 0 0 0
3 9 5 0.0258272 -0.720583 0.622756 -0.304853
4 9 5 0 0 0 0
5 9 5 0 0 0 0
6 9 5 0 0 0 0
7 9 5 0.0576987 0.86378 -0.444138 -0.237962
8 9 5 0 0 0 0
9 9 5 0 0 0 0
0 0 6 0 0 0 0
1 0 6 0 0 0 0
2 0 6 0 0 0 0
3 0 6 0 0 0 0
4 0 6 0 0 0 0
5 0 6 0 0 0 0
6 0 6 0 0 0 0
7 0 6 0 0 0 0
8 0 6 0.000805886 -0.00582211 -0.985562 0.169217
9 0 6 0 0 0 0
0 1 6 0 0 0 0
1 1 6 0.00827417 -0.0717275 -0.990885 0.11403
2 1 6 0 0 0 0
3 1 6 0 0 0 0
4 1 6 0 0 0 0
5 1 6 0 0 0 0
6 1 6 0 0 0 0
7 1 6 0 0 0 0
8 1 6 0.0179446 -0.0063682 -0.989882 0.141748
9 1 6 0 0 0 0
0 2 6 0 0 0 0
1 2 6 0.0171294 -0.0306775 -0.991124 0.129354
2 2 6 0 0 0 0
3 2 6 0 0 0 0
4 2 6 0 0 0 0
5 2 6 0 0 0 0
6 2 6 0 0 0 0
7 2 6 0 0 0 0
8 2 6 0.0315102 -0.00342086 -0.992671 0.120803
9 2 6 0 0 0 0
0 3 6 0 0 0 0
1 3 6 0.0250076 0.0259138 -0.987419 0.155988
2 3 6 0 0 0 0
3 3 6 0 0 0 0
4 3 6 0 0 0 0
5 3 6 0 0 0 0
6 3 6 0 0 0 0
7 3 6 0 0 0 0
8 3 6 0.0459548 -0.00625725 -0.994887 0.100799
9 3 6 0 0 0 0
0 4 6 0 0 0 0
1 4 6 0 0 0 0
2 4 6 0 0 0 0
3 4 6 0 0 0 0
4 4 6 0 0 0 0
5 4 6 0 0 0 0
6 4 6 0 0 0 0
7 4 6 0 0 0 0
8 4 6 0.0291967 -0.0108519 -0.996817 0.078986
9 4 6 0 0 0 0
0 5 6 0 0 0 0
1 5 6 0.034928 -0.135775 -0.990636 0.0143084
2 5 6 0 0 0 0
3 5 6 0 0 0 0
4 5 6 0 0 0 0
5 5 6 0 0 0 0
6 5 6 0 0 0 0
7 5 6 0 0 0 0
8 5 6 0.0356759 0.00158147 -0.998723 0.0505038
9 5 6 0 0 0 0
0 6 6 0 0 0 0
1 6 6 0.0423193 0.0628639 -0.996542 -0.0543269
2 6 6 0 0 0 0
3 6 6 0 0 0 0
4 6 6 0 0 0 0
5 6 6 0 0 0 0
6 6 6 0 0 0 0
7 6 6 0 0 0 0
8 6 6 0.16326 -0.103066 -0.992834 0.0604864
9 6 6 0 0 0 0
0 7 6 0 0 0 0
1 7 6 0.0760857 -0.0889134 -0.990526 -0.104658
2 7 6 0 0 0 0
3 7 6 0 0 0 0
4 7 6 0 0 0 0
5 7 6 0 0 0 0
6 7 6 0 0 0 0
7 7 6 0 0 0 0
8 7 6 0.153119 0.266388 -0.960155 -0.0845033
9 7 6 0 0 0 0
0 8 6 0 0 0 0
1 8 6 0 0 0 0
2 8 6 0 0 0 0
3 8 6 0 0 0 0
4 8 6 0 0 0 0
5 8 6 0 0 0 0
6 8 6 0 0 0 0
7 8 6 0 0 0 0
8 8 6 0.0998604 0.538898 -0.809873 -0.231721
9 8 6 0 0 0 0
0 9 6 0 0 0 0
1 9 6 0 0 0 0
2 9 6 0.0638701 -0.907899 -0.359303 -0.21592
3 9 6 0.0254505 -0.876889 0.476165 -0.0658181
4 9 6 0.0503536 -0.773483 0.629971 -0.0697143
5 9 6 0 0 0 0
6 9 6 0.068908 0.962155 -0.187861 -0.197398
7 9 6 0 0 0 0
8 9 6 0 0 0 0
9 9 6 0 0 0 0
0 0 7 0 0 0 0
1 0 7 0 0 0 0
2 0 7 0 0 0 0
3 0 7 0 0 0 0
4 0 7 0 0 0 0
5 0 7 0 0 0 0
6 0 7 0 0 0 0
7 0 7 0 0 0 0
8 0 7 0.00146933 0.0111813 -0.996907 -0.07779
9 0 7 0 0 0 0
0 1 7 0.00768711 0.149868 -0.988242 -0.030287
1 1 7 0 0 0 0
2 1 7 0 0 0 0
3 1 7 0 0 0 0
4 1 7 0 0 0 0
5 1 7 0 0 0 0
6 1 7 0 0 0 0
7 1 7 0 0 0 0
8 1 7 0.0111114 0.033931 -0.99926 -0.01811
9 1 7 0 0 0 0
0 2 7 0.0106828 0.10465 -0.993083 -0.0532391
1 2 7 0 0 0 0
2 2 7 0 0 0 0
3 2 7 0 0 0 0
4 2 7 0 0 0 0
5 2 7 0 0 0 0
6 2 7 0 0 0 0
7 2 7 0 0 0 0
8 2 7 0.0178227 0.0569933 -0.997529 0.0410717
9 2 7 0 0 0 0
0 3 7 0.0163862 0.0232169 -0.998181 -0.0556399
1 3 7 0 0 0 0
2 3 7 0 0 0 0
3 3 7 0 0 0 0
4 3 7 0 0 0 0
5 3 7 0 0 0 0
6 3 7 0 0 0 0
7 3 7 0 0 0 0
8 3 7 0.0163666 0.110958 -0.984145 0.138369
9 3 7 0 0 0 0
0 4 7 0.0467353 -0.061684 -0.996614 -0.0543705
1 4 7 0 0 0 0
2 4 7 0 0 0 0
3 4 7 0 0 0 0
4 4 7 0 0 0 0
5 4 7 0 0 0 0
6 4 7 0 0 0 0
7 4 7 0 0 0 0
8 4 7 0 0 0 0
9 4 7 0 0 0 0
0 5 7 0.0572907 -0.155737 -0.986269 -0.0549494
1 5 7 0 0 0 0
2 5 7 0 0 0 0
3 5 7 0 0 0 0
4 5 7 0 0 0 0
5 5 7 0 0 0 0
6 5 7 0 0 0 0
7 5 7 0 0 0 0
8 5 7 0.0344143 0.168384 -0.982351 0.0814485
9 5 7 0 0 0 0
0 6 7 0.0674666 -0.236436 -0.969134 -0.0698293
1 6 7 0 0 0 0
2 6 7 0 0 0 0
3 6 7 0 0 0 0
4 6 7 0 0 0 0
5 6 7 0 0 0 0
6 6 7 0 0 0 0
7 6 7 0 0 0 0
8 6 7 0.0412877 0.120132 -0.991787 -0.0438927
9 6 7 0 0 0 0
0 7 7 0 0 0 0
1 7 7 0.0444766 -0.458283 -0.866815 -0.196491
2 7 7 0 0 0 0
3 7 7 0 0 0 0
4 7 7 0 0 0 0
5 7 7 0 0 0 0
6 7 7 0 0 0 0
7 7 7 0 0 0 0
8 7 7 0 0 0 0
9 7 7 0 0 0 0
0 8 7 0 0 0 0
1 8 7 0.100179 -0.611239 -0.776353 -0.153829
2 8 7 0 0 0 0
3 8 7 0 0 0 0
4 8 7 0 0 0 0
5 8 7 0 0 0 0
6 8 7 0 0 0 0
7 8 7 0 0 0 0
8 8 7 0 0 0 0
9 8 7 0 0 0 0
0 9 7 0 0 0 0
1 9 7 0 0 0 0
2 9 7 0 0 0 0
3 9 7 0 0 0 0
4 9 7 0 0 0 0
5 9 7 0 0 0 0
6 9 7 0.0248472 0.955588 0.294371 -0.0140191
7 9 7 0 0 0 0
8 9 7 0 0 0 0
9 9 7 0 0 0 0
0 0 8 0 0 0 0
1 0 8 0.000650168 -0.0897546 -0.993951 -0.0632883
2 0 8 0 0 0 0
3 0 8 0 0 0 0
4 0 8 0 0 0 0
5 0 8 0 0 0 0
6 0 8 0 0 0 0
7 0 8 0 0 0 0
8 0 8 0.00198059 0.0516758 -0.994524 0.0908399
9 0 8 0 0 0 0
0 1 8 0.00453642 -0.0226216 -0.998651 -0.0467365
1 1 8 0.00960222 -0.0848149 -0.996212 -0.0191879
2 1 8 0 0 0 0
3 1 8 0 0 0 0
4 1 8 0 0 0 0
5 1 8 0 0 0 0
6 1 8 0 0 0 0
7 1 8 0 0 0 0
8 1 8 0.0253004 0.0573173 -0.996033 0.0680704
9 1 8 0.00458614 -0.039646 -0.998671 -0.0329262
0 2 8 0.0133152 -0.0538455 -0.997956 -0.0344294
1 2 8 0.0172537 -0.0792015 -0.99628 0.0339566
2 2 8 0 0 0 0
3 2 8 0 0 0 0
4 2 8 0 0 0 0
5 2 8 0 0 0 0
6 2 8 0 0 0 0
7 2 8 0 0 0 0
8 2 8 0.0504353 0.0779819 -0.995438 0.0549713
9 2 8 0.0236744 0.00499883 -0.999037 -0.0435904
0 3 8 0 0 0 0
1 3 8 0.0243257 -0.0932035 -0.986568 0.134151
2 3 8 0 0 0 0
3 3 8 0 0 0 0
4 3 8 0 0 0 0
5 3 8 0 0 0 0
6 3 8 0 0 0 0
7 3 8 0 0 0 0
8 3 8 0.0469251 0.106188 -0.993587 0.0388537
9 3 8 0.017011 -0.0219527 -0.995597 -0.091127
0 4 8 0 0 0 0
1 4 8 0 0 0 0
2 4 8 0 0 0 0
3 4 8 0 0 0 0
4 4 8 0 0 0 0
5 4 8 0 0 0 0
6 4 8 0 0 0 0
7 4 8 0 0 0 0
8 4 8 0 0 0 0
9 4 8 0.0225602 0.0434538 -0.9972 -0.0608649
0 5 8 0 0 0 0
1 5 8 0.0645588 -0.178496 -0.983807 0.0162287
2 5 8 0 0 0 0
3 5 8 0 0 0 0
4 5 8 0 0 0 0
5 5 8 0 0 0 0
6 5 8 0 0 0 0
7 5 8 0 0 0 0
8 5 8 0.0299962 0.214299 -0.976363 -0.0281329
9 5 8 0.0551941 0.122153 -0.991644 -0.0414945
0 6 8 0 0 0 0
1 6 8 0.0761163 -0.21274 -0.977031 -0.0123525
2 6 8 0 0 0 0
3 6 8 0 0 0 0
4 6 8 0 0 0 0
5 6 8 0 0 0 0
6 6 8 0 0 0 0
7 6 8 0 0 0 0
8 6 8 0.0355159 0.274861 -0.960764 -0.0371922
9 6 8 0.0322086 0.274777 -0.954813 -0.113267
0 7 8 0 0 0 0
1 7 8 0.0468581 -0.330402 -0.931424 -0.152589
2 7 8 0 0 0 0
3 7 8 0 0 0 0
4 7 8 0 0 0 0
5 7 8 0 0 0 0
6 7 8 0 0 0 0
7 7 8 0.0255022 0.926651 -0.278674 0.252305
8 7 8 0.0811385 0.388951 -0.918746 -0.0679899
9 7 8 0.0365513 0.425754 -0.899199 -0.100865
0 8 8 0 0 0 0
1 8 8 0 0 0 0
2 8 8 0.181179 -0.790397 -0.588435 0.170345
3 8 8 0 0 0 0
4 8 8 0 0 0 0
5 8 8 0 0 0 0
6 8 8 0 0 0 0
7 8 8 0.156288 0.830621 -0.555371 -0.0403877
8 8 8 0.0451858 0.720084 -0.688634 -0.0852243
9 8 8 0 0 0 0
0 9 8 0 0 0 0
1 9 8 0 0 0 0
2 9 8 0 0 0 0
3 9 8 0.0689499 -0.997839 -0.0655113 0.00504131
4 9 8 0 0 0 0
5 9 8 0.047731 0.968447 0.167737 0.184323
6 9 8 0.0625597 0.981121 -0.189688 0.037683
7 9 8 0 0 0 0
8 9 8 0 0 0 0
9 9 8 0 0 0 0
0 0 9 0 0 0 0
1 0 9 0 0 0 0
2 0 9 0 0 0 0
3 0 9 0 0 0 0
4 0 9 0 0 0 0
5 0 9 0 0 0 0
6 0 9 0 0 0 0
7 0 9 0 0 0 0
8 0 9 0 0 0 0
9 0 9 0 0 0 0
0 1 9 0 0 0 0
1 1 9 0.00808805 0.0430699 -0.998406 0.0364658
2 1 9 0 0 0 0
3 1 9 0 0 0 0
4 1 9 0 0 0 0
5 1 9 0 0 0 0
6 1 9 0 0 0 0
7 1 9 0 0 0 0
8 1 9 0 0 0 0
9 1 9 0 0 0 0
0 2 9 0 0 0 0
1 2 9 0.015061 0.00861224 -0.999095 0.0416502
2 2 9 0 0 0 0
3 2 9 0 0 0 0
4 2 9 0 0 0 0
5 2 9 0 0 0 0
6 2 9 0 0 0 0
7 2 9 0 0 0 0
8 2 9 0 0 0 0
9 2 9 0 0 0 0
0 3 9 0 0 0 0
1 3 9 0.0219359 -0.0326636 -0.998385 0.0464765
2 3 9 0 0 0 0
3 3 9 0 0 0 0
4 3 9 0 0 0 0
5 3 9 0 0 0 0
6 3 9 0 0 0 0
7 3 9 0 0 0 0
8 3 9 0 0 0 0
9 3 9 0 0 0 0
0 4 9 0 0 0 0
1 4 9 0.0283633 -0.0713281 -0.996151 0.0509553
2 4 9 0 0 0 0
3 4 9 0 0 0 0
4 4 9 0 0 0 0
5 4 9 0 0 0 0
6 4 9 0 0 0 0
7 4 9 0 0 0 0
8 4 9 0 0 0 0
9 4 9 0 0 0 0
0 5 9 0 0 0 0
1 5 9 0.0347193 -0.0948812 -0.993747 0.0588629
2 5 9 0 0 0 0
3 5 9 0 0 0 0
4 5 9 0 0 0 0
5 5 9 0 0 0 0
6 5 9 0 0 0 0
7 5 9 0 0 0 0
8 5 9 0 0 0 0
9 5 9 0 0 0 0
0 6 9 0 0 0 0
1 6 9 0.0427716 -0.0997009 -0.992807 0.0662914
2 6 9 0 0 0 0
3 6 9 0 0 0 0
4 6 9 0 0 0 0
5 6 9 0 0 0 0
6 6 9 0 0 0 0
7 6 9 0 0 0 0
8 6 9 0 0 0 0
9 6 9 0 0 0 0
0 7 9 0 0 0 0
1 7 9 0 0 0 0
2 7 9 0 0 0 0
3 7 9 0 0 0 0
4 7 9 0 0 0 0
5 7 9 0 0 0 0
6 7 9 0 0 0 0
7 7 9 0 0 0 0
8 7 9 0 0 0 0
9 7 9 0 0 0 0
0 8 9 0 0 0 0
1 8 9 0 0 0 0
2 8 9 0 0 0 0
3 8 9 0 0 0 0
4 8 9 0 0 0 0
5 8 9 0.0256416 0.742319 0.418881 0.522973
6 8 9 0.0638246 0.938093 -0.33088 0.102466
7 8 9 0 0 0 0
8 8 9 0 0 0 0
9 8 9 0 0 0 0
0 9 9 0 0 0 0
1 9 9 0 0 0 0
2 9 9 0 0 0 0
3 9 9 0 0 0 0
4 9 9 0 0 0 0
5 9 9 0 0 0 0
6 9 9 0 0 0 0
7 9 9 0 0 0 0
8 9 9 0 0 0 0
9 9 9 0 0 0 0
