0 0 0 0 0 0 0
1 0 0 0 0 0 0
2 0 0 0 0 0 0
3 0 0 0 0 0 0
4 0 0 0 0 0 0
5 0 0 0 0 0 0
6 0 0 0 0 0 0
7 0 0 0 0 0 0
8 0 0 0 0 0 0
9 0 0 0 0 0 0
0 1 0 0 0 0 0
1 1 0 0 0 0 0
2 1 0 0 0 0 0
3 1 0 0.0757255 0.0606105 -0.991591 0.114342
4 1 0 0.212409 0.000235258 -0.997746 0.0671002
5 1 0 0.182029 -0.00658852 -0.996904 0.0783577
6 1 0 0.0507974 -0.0462667 -0.994517 0.0937825
7 1 0 0 0 0 0
8 1 0 0 0 0 0
9 1 0 0 0 0 0
0 2 0 0 0 0 0
1 2 0 0 0 0 0
2 2 0 0.0573213 0.123365 -0.974717 0.1863
3 2 0 0.790038 0.0550546 -0.993024 0.10427
4 2 0 1.3877 -0.000916388 -0.998705 0.0508683
5 2 0 1.20886 -0.000435439 -0.998217 0.0596927
6 2 0 0.664341 -0.0376229 -0.99365 0.106041
7 2 0 0.00206266 -0.0575107 -0.991361 0.117884
8 2 0 0 0 0 0
9 2 0 0 0 0 0
0 3 0 0 0 0 0
1 3 0 0 0 0 0
2 3 0 0.3689 0.06315 -0.992827 0.101521
3 3 0 1.46473 0.0249799 -0.9985 0.0487162
4 3 0 2.14854 -0.00302126 -0.999963 -0.00804562
5 3 0 1.73868 0.00570841 -0.999931 0.0102438
6 3 0 1.53331 -0.0103078 -0.998801 0.0478668
7 3 0 0.49488 -0.0580304 -0.994805 0.0836399
8 3 0 0 0 0 0
9 3 0 0 0 0 0
0 4 0 0 0 0 0
1 4 0 0 0 0 0
2 4 0 0.655336 0.00860411 -0.999867 0.013826
3 4 0 2.01475 -0.01168 -0.999886 -0.00955697
4 4 0 2.45435 -5.10644e-05 -0.998125 -0.061216
5 4 0 1.84272 0.0113632 -0.99909 -0.0411049
6 4 0 2.0379 0.0185671 -0.999616 -0.0205569
7 4 0 0.809657 -0.00919901 -0.999775 0.0191068
8 4 0 0 0 0 0
9 4 0 0 0 0 0
0 5 0 0 0 0 0
1 5 0 0 0 0 0
2 5 0 0.574852 -0.0430671 -0.996244 -0.0751163
3 5 0 1.72855 -0.0463386 -0.997192 -0.0588264
4 5 0 2.3856 0.003663 -0.993647 -0.112478
5 5 0 1.76116 0.0213965 -0.995459 -0.0927502
6 5 0 2.10996 0.0416994 -0.996326 -0.0748091
7 5 0 0.907959 0.0358547 -0.998147 -0.0491546
8 5 0 0 0 0 0
9 5 0 0 0 0 0
0 6 0 0 0 0 0
1 6 0 0 0 0 0
2 6 0 0.174413 -0.107441 -0.979815 -0.168582
3 6 0 1.52878 -0.0750282 -0.988736 -0.129506
4 6 0 1.30103 -0.00930987 -0.984841 -0.17321
5 6 0 1.66195 0.0294118 -0.985605 -0.166486
6 6 0 1.56639 0.0745463 -0.987981 -0.135409
7 6 0 0.34763 0.0856972 -0.98971 -0.114585
8 6 0 0 0 0 0
9 6 0 0 0 0 0
0 7 0 0 0 0 0
1 7 0 0 0 0 0
2 7 0 0.00839961 -0.175255 -0.960594 -0.215742
3 7 0 0.72934 -0.0974119 -0.974548 -0.201911
4 7 0 0.409201 -0.0249969 -0.969128 -0.245289
5 7 0 0.894299 0.0405478 -0.964218 -0.261991
6 7 0 0.569487 0.130718 -0.967528 -0.21634
7 7 0 0 0 0 0
8 7 0 0 0 0 0
9 7 0 0 0 0 0
0 8 0 0 0 0 0
1 8 0 0 0 0 0
2 8 0 0 0 0 0
3 8 0 0.0907388 -0.197516 -0.901914 -0.384107
4 8 0 0.0830512 -0.0201272 -0.867332 -0.497323
5 8 0 0 0 0 0
6 8 0 0 0 0 0
7 8 0 0 0 0 0
8 8 0 0 0 0 0
9 8 0 0 0 0 0
0 9 0 0 0 0 0
1 9 0 0 0 0 0
2 9 0 0 0 0 0
3 9 0 0 0 0 0
4 9 0 0 0 0 0
5 9 0 0 0 0 0
6 9 0 0 0 0 0
7 9 0 0 0 0 0
8 9 0 0 0 0 0
9 9 0 0 0 0 0
0 0 1 0 0 0 0
1 0 1 0 0 0 0
2 0 1 0.00128419 0.00693797 -0.988997 -0.147773
3 0 1 0.00370917 -0.253072 -0.939327 -0.231559
4 0 1 0.00746212 -0.0471374 -0.887312 -0.458754
5 0 1 0.0407564 0.0407491 -0.930637 -0.363669
6 0 1 0.00405535 0.163544 -0.90158 -0.400509
7 0 1 0 0 0 0
8 0 1 0 0 0 0
9 0 1 0 0 0 0
0 1 1 0 0 0 0
1 1 1 0.00601513 0.129488 -0.986646 0.09881
2 1 1 0.447543 0.0591371 -0.99722 0.0453437
3 1 1 1.97596 -0.0215752 -0.993382 -0.112812
4 1 1 5.55518 0.0172581 -0.981822 -0.18902
5 1 1 3.50046 0.0302254 -0.975934 -0.215962
6 1 1 3.70017 0.0304637 -0.994009 -0.104967
7 1 1 0.288568 -0.125742 -0.988503 0.0839642
8 1 1 0.00580396 -0.217297 -0.958659 0.183724
9 1 1 0 0 0 0
0 2 1 0 0 0 0
1 2 1 0.324454 0.138406 -0.985819 0.0948871
2 2 1 3.28406 0.0452204 -0.998302 0.0367248
3 2 1 5.38156 -0.0126124 -0.996103 -0.0872888
4 2 1 9.3063 0.00415903 -0.990905 -0.134499
5 2 1 9.20585 0.0230286 -0.987435 -0.156338
6 2 1 7.0958 0.0112946 -0.999533 -0.0284033
7 2 1 2.74443 -0.0889363 -0.994921 0.0471513
8 2 1 0.188138 -0.168977 -0.979829 0.106682
9 2 1 0 0 0 0
0 3 1 0 0 0 0
1 3 1 1.25607 0.0788035 -0.995882 0.0448246
2 3 1 5.06596 0.00529122 -0.999957 -0.00759727
3 3 1 7.01229 -0.031972 -0.995779 -0.0860328
4 3 1 9.82052 -0.00593741 -0.991692 -0.1285
5 3 1 9.88537 -0.000304769 -0.99155 -0.129721
6 3 1 7.08168 0.0227356 -0.998196 -0.0555689
7 3 1 4.27039 -0.0365105 -0.999332 -0.00151572
8 3 1 0.514295 -0.0843066 -0.995251 0.0486663
9 3 1 0 0 0 0
0 4 1 0 0 0 0
1 4 1 2.0576 0.00856377 -0.999887 -0.0123831
2 4 1 5.78394 -0.0242775 -0.998809 -0.0423314
3 4 1 6.31613 -0.0503954 -0.994066 -0.0963994
4 4 1 9.86044 0.00688551 -0.993619 -0.112579
5 4 1 9.31057 -0.027208 -0.99272 -0.117328
6 4 1 7.82622 0.033456 -0.995066 -0.093403
7 4 1 5.14856 0.0108862 -0.998854 -0.0465971
8 4 1 0.770476 0.0101934 -0.999931 -0.0058475
9 4 1 0 0 0 0
0 5 1 0 0 0 0
1 5 1 2.06127 -0.0561146 -0.996325 -0.064713
2 5 1 6.32194 -0.0352584 -0.997277 -0.0647796
3 5 1 7.02817 -0.0449438 -0.992645 -0.112414
4 5 1 15.4055 0.000854329 -0.998174 -0.0603909
5 5 1 16.3857 -0.00683215 -0.99703 -0.0767042
6 5 1 7.33918 0.0426734 -0.993306 -0.107346
7 5 1 6.1835 0.0510178 -0.994917 -0.0868151
8 5 1 0.849179 0.116341 -0.991419 -0.0596105
9 5 1 0 0 0 0
0 6 1 0 0 0 0
1 6 1 0.937666 -0.11053 -0.989542 -0.0926813
2 6 1 5.98758 -0.0883971 -0.989833 -0.111432
3 6 1 12.9797 -0.0505945 -0.99055 -0.127478
4 6 1 37.8544 -0.0245841 -0.999639 0.0108397
5 6 1 38.9682 0.0652079 -0.997849 -0.00670203
6 6 1 7.99092 0.0684037 -0.986906 -0.146073
7 6 1 7.32459 0.106986 -0.985665 -0.130452
8 6 1 0.575242 0.20972 -0.971078 -0.11413
9 6 1 0 0 0 0
0 7 1 0 0 0 0
1 7 1 0.320121 -0.224799 -0.959335 -0.170709
2 7 1 6.11187 -0.198243 -0.960458 -0.1955
3 7 1 13.5422 -0.0771534 -0.973004 -0.21751
4 7 1 28.5312 -0.0515349 -0.975708 -0.212928
5 7 1 26.1377 0.0482808 -0.983657 -0.17346
6 7 1 8.25847 0.109332 -0.962525 -0.248179
7 7 1 5.39044 0.203709 -0.958533 -0.19929
8 7 1 0 0 0 0
9 7 1 0 0 0 0
0 8 1 0 0 0 0
1 8 1 0 0 0 0
2 8 1 1.06081 -0.38731 -0.866627 -0.314561
3 8 1 5.4145 -0.290145 -0.829679 -0.476915
4 8 1 4.52984 -0.106761 -0.834818 -0.540074
5 8 1 6.23383 0.129729 -0.810156 -0.57168
6 8 1 4.4178 0.33956 -0.797815 -0.498187
7 8 1 0.254981 0.303784 -0.912144 -0.275152
8 8 1 0 0 0 0
9 8 1 0 0 0 0
0 9 1 0 0 0 0
1 9 1 0 0 0 0
2 9 1 0 0 0 0
3 9 1 0 0 0 0
4 9 1 0 0 0 0
5 9 1 0 0 0 0
6 9 1 0 0 0 0
7 9 1 0 0 0 0
8 9 1 0 0 0 0
9 9 1 0 0 0 0
0 0 2 0 0 0 0
1 0 2 0 0 0 0
2 0 2 0.0173072 -0.0898636 -0.975608 -0.200283
3 0 2 0.0276512 -0.19859 -0.93189 -0.303552
4 0 2 0.000690554 -0.0731848 -0.923776 -0.375875
5 0 2 0.00245251 0.0877343 -0.887975 -0.451445
6 0 2 0.0452377 0.193531 -0.925394 -0.325871
7 0 2 0.0103074 0.205631 -0.956506 -0.20691
8 0 2 0 0 0 0
9 0 2 0 0 0 0
0 1 2 0 0 0 0
1 1 2 0.567928 0.0921061 -0.992891 0.075391
2 1 2 3.58213 -0.00670128 -0.993665 -0.112185
3 1 2 6.26391 -0.152163 -0.943726 -0.293646
4 1 2 3.95489 -0.0673428 -0.919908 -0.386309
5 1 2 4.53729 0.0744993 -0.921853 -0.380311
6 1 2 6.10955 0.159313 -0.94377 -0.289685
7 1 2 4.40063 0.0933647 -0.988817 -0.116296
8 1 2 0.375157 -0.152065 -0.986634 0.0585686
9 1 2 0 0 0 0
0 2 2 0.0261795 0.246498 -0.968614 0.032034
1 2 2 3.22392 0.064031 -0.996604 0.0517709
2 2 2 10.344 -0.0348741 -0.995309 -0.0902419
3 2 2 11.1251 -0.080119 -0.979248 -0.186159
4 2 2 13.4971 -0.0516232 -0.956624 -0.286715
5 2 2 13.7691 0.0651429 -0.965702 -0.251347
6 2 2 11.2235 0.077648 -0.975078 -0.207831
7 2 2 9.19893 0.0553396 -0.995655 -0.0748964
8 2 2 3.28721 -0.101094 -0.994406 0.0306003
9 2 2 0.00419818 -0.194583 -0.979594 0.0503291
0 3 2 0.234891 0.11999 -0.992625 -0.0172508
1 3 2 5.0594 0.0164092 -0.999811 0.0104494
2 3 2 14.2455 -0.0822075 -0.992996 -0.0848547
3 3 2 15.5654 -0.0605032 -0.988103 -0.141392
4 3 2 18.9236 -0.07017 -0.984967 -0.157849
5 3 2 19.9704 0.0501445 -0.987144 -0.151761
6 3 2 16.659 0.0786348 -0.985321 -0.151523
7 3 2 9.81748 0.0420273 -0.997043 -0.0643411
8 3 2 5.265 -0.0283352 -0.99956 -0.00877704
9 3 2 0.0190651 -0.114914 -0.993307 0.0116222
0 4 2 0.291352 0.00249979 -0.99844 -0.0557751
1 4 2 6.35464 -0.0311007 -0.998889 -0.0354182
2 4 2 13.3506 -0.0879235 -0.99387 -0.067024
3 4 2 25.2895 -0.0355441 -0.998349 -0.0451156
4 4 2 39.8128 0.0496039 -0.982209 0.181122
5 4 2 46.6001 0.0191358 -0.990009 0.139697
6 4 2 21.2594 0.055103 -0.995707 -0.0743778
7 4 2 10.9737 0.05019 -0.995819 -0.0763204
8 4 2 6.48823 0.0428064 -0.997979 -0.0469711
9 4 2 0.0408508 -0.00821518 -0.998935 -0.0454052
0 5 2 0.146727 -0.123816 -0.988938 -0.0816828
1 5 2 6.91939 -0.0695029 -0.994614 -0.076894
2 5 2 15.0193 -0.0715761 -0.99551 -0.0619342
3 5 2 51.854 0.00872368 -0.97102 0.238841
4 5 2 20.5874 0.0521636 -0.969298 0.240291
5 5 2 34.8821 0.00913711 -0.967474 0.252805
6 5 2 53.0047 -0.0317935 -0.966743 0.253766
7 5 2 12.7256 0.0515775 -0.995078 -0.0846086
8 5 2 6.17084 0.0943012 -0.992743 -0.0746269
9 5 2 0.0349419 0.0839482 -0.991949 -0.0948201
0 6 2 0 0 0 0
1 6 2 6.90945 -0.124125 -0.9852 -0.118212
2 6 2 44.4847 -0.038928 -0.995367 0.0879186
3 6 2 18.2962 0.0186451 -0.98436 0.175179
4 6 2 0.215626 0.0877191 -0.960153 0.265354
5 6 2 0 0 0 0
6 6 2 36.0632 0.0220346 -0.989137 0.145337
7 6 2 41.355 0.0360994 -0.996925 0.0695445
8 6 2 4.74653 0.148513 -0.982046 -0.116318
9 6 2 0 0 0 0
0 7 2 0 0 0 0
1 7 2 3.0797 -0.215996 -0.961291 -0.17107
2 7 2 41.4451 -0.16855 -0.980262 -0.103328
3 7 2 11.3393 -0.00629495 -0.997289 -0.073317
4 7 2 0 0 0 0
5 7 2 0 0 0 0
6 7 2 26.4664 0.10085 -0.99074 -0.0909
7 7 2 35.8411 0.187145 -0.974438 -0.124286
8 7 2 1.69712 0.253753 -0.950759 -0.177953
9 7 2 0 0 0 0
0 8 2 0 0 0 0
1 8 2 0.136269 -0.352008 -0.89994 -0.257292
2 8 2 12.4909 -0.430528 -0.816856 -0.383915
3 8 2 27.8422 -0.255608 -0.814263 -0.521192
4 8 2 17.5487 -0.0822085 -0.710895 -0.698477
5 8 2 16.7288 0.146664 -0.606265 -0.781621
6 8 2 29.1289 0.259475 -0.828752 -0.495825
7 8 2 11.3515 0.443769 -0.813778 -0.37528
8 8 2 0.0397709 0.427583 -0.860196 -0.277914
9 8 2 0 0 0 0
0 9 2 0 0 0 0
1 9 2 0 0 0 0
2 9 2 0.202142 -0.700033 -0.535569 -0.472355
3 9 2 2.95309 -0.635245 -0.484779 -0.60121
4 9 2 3.98009 -0.344628 -0.404385 -0.847174
5 9 2 4.12394 0.406746 -0.398892 -0.821854
6 9 2 3.91815 0.642666 -0.496798 -0.583243
7 9 2 0 0 0 0
8 9 2 0 0 0 0
9 9 2 0 0 0 0
0 0 3 0 0 0 0
1 0 3 0.000449725 -0.218837 -0.971819 -0.0876258
2 0 3 0.0604197 -0.38006 -0.910788 -0.161304
3 0 3 0 0 0 0
4 0 3 0 0 0 0
5 0 3 0 0 0 0
6 0 3 0 0 0 0
7 0 3 0.0389007 0.204225 -0.973915 -0.0989005
8 0 3 0 0 0 0
9 0 3 0 0 0 0
0 1 3 0.00708648 0.252889 -0.967042 -0.0296016
1 1 3 2.13752 0.0614184 -0.998087 -0.00702462
2 1 3 4.6719 -0.185072 -0.975163 -0.12168
3 1 3 1.23277 -0.251592 -0.931561 -0.262481
4 1 3 0 0 0 0
5 1 3 0 0 0 0
6 1 3 0.773981 0.206089 -0.966018 -0.155999
7 1 3 5.50658 0.163684 -0.982828 -0.0851794
8 1 3 2.02461 -0.0850299 -0.996186 0.019597
9 1 3 0 0 0 0
0 2 3 0.34405 0.190469 -0.981661 -0.00793626
1 2 3 9.49068 0.0412696 -0.999134 -0.00522396
2 2 3 9.39081 -0.115937 -0.99061 -0.0724595
3 2 3 7.2056 -0.170436 -0.970022 -0.173232
4 2 3 0.827512 -0.13571 -0.950664 -0.278962
5 2 3 0.568771 0.162675 -0.945531 -0.281972
6 2 3 10.2615 0.169505 -0.971296 -0.16689
7 2 3 12.7019 0.0989185 -0.994223 -0.0416521
8 2 3 8.81676 -0.0539155 -0.99848 0.0114294
9 2 3 0.0709077 -0.168054 -0.985572 -0.0201504
0 3 3 0.675196 0.103733 -0.994201 -0.0283708
1 3 3 13.4151 -0.0130174 -0.999834 -0.0127342
2 3 3 14.0627 -0.095026 -0.994469 -0.0447267
3 3 3 14.3146 -0.0785916 -0.993418 -0.0833264
4 3 3 7.50631 -0.0531841 -0.978901 -0.197292
5 3 3 8.29217 0.100781 -0.978516 -0.179858
6 3 3 21.7412 0.114865 -0.986761 -0.114495
7 3 3 20.1424 0.063687 -0.997602 -0.027111
8 3 3 11.8658 -0.00298624 -0.999959 -0.00853187
9 3 3 0.370804 -0.092295 -0.994668 -0.0460095
0 4 3 0.928552 0.00895204 -0.998208 -0.0591601
1 4 3 14.8637 -0.0598021 -0.997988 -0.0210413
2 4 3 26.857 -0.0500439 -0.998649 0.0139628
3 4 3 31.2089 0.171103 -0.946368 0.274064
4 4 3 1.69601 0.192279 -0.672836 0.714367
5 4 3 0.708628 0.00999558 -0.748777 0.662747
6 4 3 41.444 -0.13859 -0.95917 0.246549
7 4 3 32.4362 0.0424524 -0.998966 0.0162432
8 4 3 12.316 0.042116 -0.998437 -0.0367411
9 4 3 0.580527 -0.00406071 -0.998014 -0.0628579
0 5 3 1.20628 -0.074109 -0.993307 -0.0885968
1 5 3 15.661 -0.0876345 -0.995509 -0.0358153
2 5 3 53.3897 0.0718218 -0.976197 0.204649
3 5 3 0 0 0 0
4 5 3 0 0 0 0
5 5 3 0 0 0 0
6 5 3 0 0 0 0
7 5 3 54.5838 -0.0903981 -0.975854 0.198839
8 5 3 11.1661 0.079516 -0.994291 -0.0711475
9 5 3 0.347864 0.0937928 -0.992416 -0.0794615
0 6 3 0.700098 -0.16233 -0.979335 -0.120628
1 6 3 28.8033 -0.0968009 -0.994991 -0.0249515
2 6 3 9.72487 0.0888087 -0.990468 0.105288
3 6 3 0 0 0 0
4 6 3 0 0 0 0
5 6 3 0 0 0 0
6 6 3 0 0 0 0
7 6 3 24.2696 0.0194852 -0.992992 0.116565
8 6 3 12.2079 0.126373 -0.986175 -0.107184
9 6 3 0.0851809 0.191813 -0.976633 -0.0969275
0 7 3 0 0 0 0
1 7 3 22.7424 -0.233612 -0.96091 -0.148585
2 7 3 3.99239 -0.0531556 -0.996235 -0.0684839
3 7 3 0 0 0 0
4 7 3 0 0 0 0
5 7 3 0 0 0 0
6 7 3 0 0 0 0
7 7 3 21.8402 0.216622 -0.970068 -0.109744
8 7 3 11.9649 0.243428 -0.95659 -0.160242
9 7 3 0 0 0 0
0 8 3 0 0 0 0
1 8 3 4.77138 -0.440255 -0.866611 -0.234864
2 8 3 37.9647 -0.449472 -0.809243 -0.378287
3 8 3 0 0 0 0
4 8 3 0 0 0 0
5 8 3 0 0 0 0
6 8 3 0 0 0 0
7 8 3 41.0357 0.452475 -0.814171 -0.363858
8 8 3 3.15865 0.416397 -0.882807 -0.217405
9 8 3 0 0 0 0
0 9 3 0 0 0 0
1 9 3 0 0 0 0
2 9 3 4.46786 -0.744668 -0.532424 -0.402485
3 9 3 18.9054 -0.704694 -0.366008 -0.607819
4 9 3 13.3549 -0.548536 -0.0248604 -0.835757
5 9 3 15.3204 0.580078 -0.0538836 -0.812777
6 9 3 20.8674 0.68881 -0.414729 -0.594592
7 9 3 2.10674 0.746619 -0.521452 -0.413096
8 9 3 0 0 0 0
9 9 3 0 0 0 0
0 0 4 0 0 0 0
1 0 4 0.0128565 -0.0844047 -0.996415 0.00566725
2 0 4 0.0104433 -0.148171 -0.98812 -0.0408013
3 0 4 0 0 0 0
4 0 4 0 0 0 0
5 0 4 0 0 0 0
6 0 4 0 0 0 0
7 0 4 0.00675488 0.187196 -0.98211 0.0204341
8 0 4 0.000529044 0.0615411 -0.993119 0.0996371
9 0 4 0 0 0 0
0 1 4 0.0573316 0.239375 -0.970609 -0.0248678
1 1 4 3.69975 -0.0286314 -0.997505 0.0645268
2 1 4 1.66365 -0.156194 -0.987559 -0.0181683
3 1 4 0 0 0 0
4 1 4 0 0 0 0
5 1 4 0 0 0 0
6 1 4 0 0 0 0
7 1 4 2.2295 0.133114 -0.990505 0.03435
8 1 4 2.50019 -0.00637112 -0.998554 0.053378
9 1 4 0.0133215 -0.197768 -0.978178 -0.0636842
0 2 4 1.516 0.174868 -0.983867 -0.0377852
1 2 4 11.7772 -0.039146 -0.997306 0.0620371
2 2 4 8.02439 -0.1483 -0.988937 0.00323081
3 2 4 0 0 0 0
4 2 4 0 0 0 0
5 2 4 0 0 0 0
6 2 4 0.0112533 0.17374 -0.983949 0.0407364
7 2 4 6.15364 0.10304 -0.994093 0.0340746
8 2 4 8.87401 -0.00930754 -0.999207 0.0387086
9 2 4 0.966146 -0.164967 -0.983935 -0.0682427
0 3 4 3.87965 0.0854916 -0.99497 -0.0522133
1 3 4 17.6874 -0.0588201 -0.996781 0.0544717
2 3 4 13.3125 -0.118782 -0.992569 0.0264042
3 3 4 0.0395558 -0.0807393 -0.996623 -0.0149873
4 3 4 0 0 0 0
5 3 4 0 0 0 0
6 3 4 0.0622733 0.0568149 -0.993671 0.0968991
7 3 4 10.5053 0.116453 -0.992491 0.0374123
8 3 4 14.4497 0.0256014 -0.999159 0.0320159
9 3 4 2.19718 -0.0767438 -0.99474 -0.0678434
0 4 4 5.22096 -0.00550672 -0.997029 -0.076825
1 4 4 23.5787 -0.0824514 -0.995558 0.0454625
2 4 4 13.2893 0.0470904 -0.995097 0.0869795
3 4 4 0 0 0 0
4 4 4 0 0 0 0
5 4 4 0 0 0 0
6 4 4 0.0891226 -0.211349 -0.966101 0.148261
7 4 4 16.0494 0.0173934 -0.996321 0.0839115
8 4 4 20.2889 0.0734861 -0.997004 0.024156
9 4 4 3.21303 0.00318536 -0.996747 -0.080529
0 5 4 5.17735 -0.0745434 -0.992513 -0.0967559
1 5 4 38.0881 -0.056391 -0.997459 0.0435399
2 5 4 0.421795 0.476742 -0.81607 0.326721
3 5 4 0 0 0 0
4 5 4 0 0 0 0
5 5 4 0 0 0 0
6 5 4 0 0 0 0
7 5 4 9.30021 -0.501953 -0.818264 0.280157
8 5 4 29.7751 0.0976445 -0.99518 0.00905156
9 5 4 3.78075 0.0645105 -0.992304 -0.105695
0 6 4 3.16488 -0.127344 -0.986176 -0.106024
1 6 4 54.0436 -0.0421761 -0.997142 0.0626884
2 6 4 0 0 0 0
3 6 4 0 0 0 0
4 6 4 0 0 0 0
5 6 4 0 0 0 0
6 6 4 0 0 0 0
7 6 4 0 0 0 0
8 6 4 51.5497 0.0826226 -0.996265 0.0250942
9 6 4 2.64275 0.128596 -0.981904 -0.139023
0 7 4 0.689417 -0.260385 -0.955974 -0.135325
1 7 4 49.2029 -0.181364 -0.979456 -0.0881614
2 7 4 0 0 0 0
3 7 4 0 0 0 0
4 7 4 0 0 0 0
5 7 4 0 0 0 0
6 7 4 0 0 0 0
7 7 4 0 0 0 0
8 7 4 35.25 0.214564 -0.971721 -0.0985935
9 7 4 0.200269 0.28003 -0.945431 -0.166563
0 8 4 0 0 0 0
1 8 4 15.2101 -0.525726 -0.816274 -0.239392
2 8 4 4.65914 -0.68392 -0.648625 -0.333974
3 8 4 0 0 0 0
4 8 4 0 0 0 0
5 8 4 0 0 0 0
6 8 4 0 0 0 0
7 8 4 22.4394 0.771359 -0.568926 -0.285181
8 8 4 8.93458 0.532184 -0.817852 -0.218858
9 8 4 0 0 0 0
0 9 4 0 0 0 0
1 9 4 0 0 0 0
2 9 4 16.0022 -0.816909 -0.461005 -0.346602
3 9 4 28.7018 -0.846252 -0.154505 -0.509889
4 9 4 8.8638 -0.702135 0.483829 -0.522413
5 9 4 9.15968 0.693111 0.462377 -0.552997
6 9 4 30.4399 0.847016 -0.239225 -0.474695
7 9 4 9.96921 0.813444 -0.483056 -0.323983
8 9 4 0 0 0 0
9 9 4 0 0 0 0
0 0 5 0 0 0 0
1 0 5 0.0225203 -0.0604249 -0.99659 0.0561824
2 0 5 0.000710526 -0.0901321 -0.988958 0.117637
3 0 5 0 0 0 0
4 0 5 0 0 0 0
5 0 5 0 0 0 0
6 0 5 0 0 0 0
7 0 5 0.00875224 0.0761372 -0.997097 0.000759613
8 0 5 0.0760787 0.0046326 -0.998031 0.0625536
9 0 5 0 0 0 0
0 1 5 0.317525 0.16914 -0.985523 -0.0116302
1 1 5 3.8034 -0.00675007 -0.995188 0.0977542
2 1 5 0.251758 -0.126428 -0.988713 0.0803906
3 1 5 0 0 0 0
4 1 5 0 0 0 0
5 1 5 0 0 0 0
6 1 5 0 0 0 0
7 1 5 0.653676 0.106076 -0.994033 0.0254376
8 1 5 4.06824 0.0081634 -0.996845 0.0789497
9 1 5 0.137693 -0.243627 -0.969011 -0.0407787
0 2 5 2.88838 0.131231 -0.99052 -0.0406118
1 2 5 11.8872 -0.0206348 -0.99546 0.0929158
2 2 5 0.76393 -0.0483113 -0.995584 0.0804841
3 2 5 0 0 0 0
4 2 5 0 0 0 0
5 2 5 0 0 0 0
6 2 5 0 0 0 0
7 2 5 1.93166 0.066051 -0.99631 0.0548099
8 2 5 11.5621 0.0224887 -0.995666 0.0902431
9 2 5 1.37819 -0.17591 -0.982867 -0.0550304
0 3 5 5.10966 0.051554 -0.996698 -0.0627243
1 3 5 18.403 -0.0438574 -0.995902 0.0790917
2 3 5 1.07484 0.023576 -0.99647 0.0805682
3 3 5 0 0 0 0
4 3 5 0 0 0 0
5 3 5 0 0 0 0
6 3 5 0 0 0 0
7 3 5 3.07729 0.0561695 -0.99468 0.0863512
8 3 5 16.675 0.0489536 -0.995085 0.0860782
9 3 5 2.96389 -0.0780859 -0.994707 -0.0667809
0 4 5 7.06943 -0.0380967 -0.996084 -0.0797813
1 4 5 27.7344 -0.0649851 -0.995327 0.0714273
2 4 5 0.83994 0.0522591 -0.991641 0.117969
3 4 5 0 0 0 0
4 4 5 0 0 0 0
5 4 5 0 0 0 0
6 4 5 0 0 0 0
7 4 5 3.51699 -0.0290633 -0.992807 0.116148
8 4 5 23.2421 0.0746162 -0.994691 0.0708653
9 4 5 3.8335 0.0217444 -0.996189 -0.0844712
0 5 5 8.12623 -0.118869 -0.988768 -0.0905992
1 5 5 45.5887 -0.0389799 -0.995967 0.0808121
2 5 5 0 0 0 0
3 5 5 0 0 0 0
4 5 5 0 0 0 0
5 5 5 0 0 0 0
6 5 5 0 0 0 0
7 5 5 0.628591 -0.527392 -0.824068 0.20681
8 5 5 26.8327 0.0749468 -0.996466 0.0379217
9 5 5 4.47956 0.118295 -0.987939 -0.099913
0 6 5 5.96728 -0.211575 -0.971992 -0.102312
1 6 5 66.7421 -0.0316497 -0.995363 0.0908291
2 6 5 0 0 0 0
3 6 5 0 0 0 0
4 6 5 0 0 0 0
5 6 5 0 0 0 0
6 6 5 0 0 0 0
7 6 5 0 0 0 0
8 6 5 45.2556 0.069723 -0.99653 0.0454554
9 6 5 4.08679 0.213628 -0.970176 -0.114547
0 7 5 0.548323 -0.307775 -0.941621 -0.136474
1 7 5 55.3548 -0.163875 -0.979012 -0.121161
2 7 5 0 0 0 0
3 7 5 0 0 0 0
4 7 5 0 0 0 0
5 7 5 0 0 0 0
6 7 5 0 0 0 0
7 7 5 0 0 0 0
8 7 5 37.2722 0.19042 -0.97058 -0.147357
9 7 5 0.362113 0.326328 -0.937157 -0.123478
0 8 5 0 0 0 0
1 8 5 22.3244 -0.546787 -0.813486 -0.198154
2 8 5 2.88474 -0.507951 -0.766397 -0.39322
3 8 5 0 0 0 0
4 8 5 0 0 0 0
5 8 5 0 0 0 0
6 8 5 0 0 0 0
7 8 5 8.98021 0.93385 -0.309714 -0.178887
8 8 5 17.7697 0.561518 -0.802998 -0.199729
9 8 5 0 0 0 0
0 9 5 0 0 0 0
1 9 5 0 0 0 0
2 9 5 24.5407 -0.858759 -0.441549 -0.259939
3 9 5 24.143 -0.949484 -0.0686314 -0.30622
4 9 5 6.73267 -0.808603 0.533044 -0.24905
5 9 5 7.72345 0.819985 0.494262 -0.288669
6 9 5 28.1165 0.943536 -0.144778 -0.29796
7 9 5 15.4455 0.867381 -0.443741 -0.225263
8 9 5 0 0 0 0
9 9 5 0 0 0 0
0 0 6 0 0 0 0
1 0 6 0.0720633 -0.0508149 -0.997525 0.0486044
2 0 6 0.00147165 0.0483046 -0.998802 -0.00785866
3 0 6 0 0 0 0
4 0 6 0 0 0 0
5 0 6 0 0 0 0
6 0 6 0 0 0 0
7 0 6 0.0141527 -0.0293401 -0.997061 -0.070772
8 0 6 0.0272997 0.0157616 -0.996879 0.0773584
9 0 6 0 0 0 0
0 1 6 0.139906 0.138951 -0.987333 -0.0765915
1 1 6 6.39614 -0.0266995 -0.995625 0.0895397
2 1 6 0.0821832 -0.0505559 -0.998036 -0.0369801
3 1 6 0 0 0 0
4 1 6 0 0 0 0
5 1 6 0 0 0 0
6 1 6 0 0 0 0
7 1 6 0.655986 0.00537292 -0.999583 -0.0283822
8 1 6 4.68814 0.014249 -0.993181 0.115709
9 1 6 0.137431 -0.139016 -0.987522 -0.0739949
0 2 6 2.07984 0.127606 -0.989045 -0.0742027
1 2 6 15.493 -0.0360924 -0.996002 0.0817192
2 2 6 0.15092 -0.0252532 -0.999667 0.00532452
3 2 6 0 0 0 0
4 2 6 0 0 0 0
5 2 6 0 0 0 0
6 2 6 0 0 0 0
7 2 6 1.54289 -0.0143927 -0.999673 0.02114
8 2 6 11.2694 0.0344763 -0.994478 0.0991187
9 2 6 1.43717 -0.110482 -0.990466 -0.0822905
0 3 6 4.37763 0.049904 -0.996188 -0.0715489
1 3 6 20.9394 -0.0603911 -0.995082 0.0785157
2 3 6 0.392709 0.014169 -0.99926 0.0357578
3 3 6 0 0 0 0
4 3 6 0 0 0 0
5 3 6 0 0 0 0
6 3 6 0 0 0 0
7 3 6 2.10802 -0.029714 -0.998292 0.0503067
8 3 6 14.4673 0.072294 -0.994686 0.0733078
9 3 6 2.74141 -0.0368776 -0.995573 -0.0864599
0 4 6 5.6728 -0.0361197 -0.996196 -0.0793005
1 4 6 21.418 -0.0901304 -0.993422 0.0706284
2 4 6 0.694105 0.0354724 -0.99617 0.0799199
3 4 6 0 0 0 0
4 4 6 0 0 0 0
5 4 6 0 0 0 0
6 4 6 0 0 0 0
7 4 6 1.40738 -0.0212548 -0.997745 0.0636567
8 4 6 15.948 0.129984 -0.989229 0.0672991
9 4 6 3.69556 0.0432473 -0.99525 -0.0872236
0 5 6 6.26362 -0.101625 -0.990837 -0.0889663
1 5 6 27.4206 -0.0848465 -0.995186 0.0490558
2 5 6 0.664433 0.432016 -0.864492 0.256935
3 5 6 0 0 0 0
4 5 6 0 0 0 0
5 5 6 0 0 0 0
6 5 6 0 0 0 0
7 5 6 0.835504 -0.156372 -0.97694 0.14538
8 5 6 16.3479 0.153185 -0.987257 0.0431054
9 5 6 4.19272 0.117027 -0.988926 -0.0912696
0 6 6 4.2173 -0.183694 -0.977546 -0.103245
1 6 6 50.656 -0.026722 -0.995242 0.0936969
2 6 6 0 0 0 0
3 6 6 0 0 0 0
4 6 6 0 0 0 0
5 6 6 0 0 0 0
6 6 6 0 0 0 0
7 6 6 0 0 0 0
8 6 6 17.6863 0.188236 -0.981964 -0.0176909
9 6 6 3.38167 0.221515 -0.96967 -0.103297
0 7 6 1.17713 -0.322764 -0.940072 -0.109948
1 7 6 41.4184 -0.237522 -0.96478 -0.113062
2 7 6 0 0 0 0
3 7 6 0 0 0 0
4 7 6 0 0 0 0
5 7 6 0 0 0 0
6 7 6 0 0 0 0
7 7 6 0.0364562 0.750376 -0.64705 -0.13514
8 7 6 18.9483 0.2811 -0.950847 -0.129892
9 7 6 1.22574 0.33886 -0.931243 -0.134013
0 8 6 0 0 0 0
1 8 6 15.0507 -0.587533 -0.791834 -0.166746
2 8 6 9.39477 -0.757959 -0.628273 -0.175417
3 8 6 0 0 0 0
4 8 6 0 0 0 0
5 8 6 0 0 0 0
6 8 6 0 0 0 0
7 8 6 25.5963 0.843729 -0.519357 -0.13561
8 8 6 11.6327 0.610148 -0.776959 -0.155096
9 8 6 0 0 0 0
0 9 6 0 0 0 0
1 9 6 0 0 0 0
2 9 6 23.8619 -0.889035 -0.427006 -0.165173
3 9 6 29.0248 -0.988696 -0.0657207 -0.134762
4 9 6 7.73026 -0.866433 0.499095 -0.0140899
5 9 6 9.46068 0.890548 0.453692 -0.0329893
6 9 6 29.201 0.978778 -0.14154 -0.14819
7 9 6 12.4063 0.889885 -0.43242 -0.145318
8 9 6 0 0 0 0
9 9 6 0 0 0 0
0 0 7 0.000389336 0.257417 -0.961271 -0.0984591
1 0 7 0.0681957 -0.0537522 -0.998267 0.0239649
2 0 7 0.0179495 -0.0701442 -0.98065 -0.182771
3 0 7 0 0 0 0
4 0 7 0 0 0 0
5 0 7 0 0 0 0
6 0 7 0 0 0 0
7 0 7 0.024811 0.0654236 -0.993941 -0.0883275
8 0 7 0.0109187 0.00824172 -0.992038 0.125672
9 0 7 0 0 0 0
0 1 7 0.181475 0.1512 -0.984367 -0.0903303
1 1 7 3.9746 -0.0342326 -0.996773 0.0726011
2 1 7 0.806094 -0.0636757 -0.987834 -0.141881
3 1 7 0 0 0 0
4 1 7 0 0 0 0
5 1 7 0 0 0 0
6 1 7 0 0 0 0
7 1 7 1.48713 0.0772033 -0.991887 -0.100998
8 1 7 2.79934 -0.0133858 -0.99355 0.112601
9 1 7 0.0572179 -0.215459 -0.975926 -0.0338543
0 2 7 1.37464 0.0833471 -0.993733 -0.0744858
1 2 7 9.50508 -0.0473892 -0.996634 0.0668908
2 2 7 1.95967 -0.0224465 -0.998093 -0.0575048
3 2 7 0 0 0 0
4 2 7 0 0 0 0
5 2 7 0 0 0 0
6 2 7 0 0 0 0
7 2 7 4.19149 0.0509449 -0.99722 -0.0543823
8 2 7 7.90306 0.0222579 -0.996337 0.082562
9 2 7 1.09655 -0.159608 -0.985328 -0.0604497
0 3 7 3.36699 0.0217736 -0.996835 -0.0764564
1 3 7 11.1169 -0.0770838 -0.995998 0.0452395
2 3 7 4.30307 -0.0119101 -0.999712 0.0208146
3 3 7 0 0 0 0
4 3 7 0 0 0 0
5 3 7 0 0 0 0
6 3 7 0 0 0 0
7 3 7 7.34628 0.0400755 -0.999081 -0.0152271
8 3 7 9.23485 0.0621178 -0.996283 0.0596848
9 3 7 2.54815 -0.0520412 -0.995979 -0.0729191
0 4 7 4.59661 -0.0478196 -0.995164 -0.0858
1 4 7 10.2087 -0.106559 -0.993721 0.0340999
2 4 7 9.87797 -0.0208019 -0.995958 0.0873789
3 4 7 0 0 0 0
4 4 7 0 0 0 0
5 4 7 0 0 0 0
6 4 7 0 0 0 0
7 4 7 10.5786 -0.00238426 -0.998587 0.0530972
8 4 7 10.0081 0.103867 -0.993536 0.0458011
9 4 7 3.7665 0.0621109 -0.994874 -0.079794
0 5 7 4.33302 -0.125248 -0.987684 -0.09377
1 5 7 11.4258 -0.142095 -0.98977 0.0128038
2 5 7 10.68 0.100205 -0.987673 0.120251
3 5 7 0 0 0 0
4 5 7 0 0 0 0
5 5 7 0 0 0 0
6 5 7 0 0 0 0
7 5 7 12.0547 -0.215698 -0.960928 0.173472
8 5 7 8.89985 0.148215 -0.988812 0.0167952
9 5 7 3.41099 0.137135 -0.986804 -0.0860909
0 6 7 2.84295 -0.227879 -0.96836 -0.101733
1 6 7 14.9909 -0.193624 -0.980909 -0.0180811
2 6 7 0.766106 0.231775 -0.970653 -0.0641357
3 6 7 0 0 0 0
4 6 7 0 0 0 0
5 6 7 0 0 0 0
6 6 7 0 0 0 0
7 6 7 5.59757 -0.122363 -0.992292 0.0196164
8 6 7 9.43821 0.233224 -0.971875 -0.0326579
9 6 7 1.00618 0.168942 -0.981666 -0.0882605
0 7 7 0.537873 -0.357266 -0.928657 -0.0997846
1 7 7 19.9831 -0.329054 -0.940302 -0.0869193
2 7 7 0 0 0 0
3 7 7 0 0 0 0
4 7 7 0 0 0 0
5 7 7 0 0 0 0
6 7 7 0 0 0 0
7 7 7 16.9681 0.78005 -0.618534 0.0945425
8 7 7 11.9485 0.373254 -0.922244 -0.100736
9 7 7 0.125045 0.288542 -0.95288 -0.0936105
0 8 7 0 0 0 0
1 8 7 7.45827 -0.679414 -0.722003 -0.1308
2 8 7 35.7999 -0.782623 -0.620232 -0.0530403
3 8 7 0 0 0 0
4 8 7 0 0 0 0
5 8 7 0 0 0 0
6 8 7 0 0 0 0
7 8 7 35.5724 0.750596 -0.652425 -0.104625
8 8 7 6.04322 0.62605 -0.766098 -0.145449
9 8 7 0 0 0 0
0 9 7 0 0 0 0
1 9 7 0 0 0 0
2 9 7 4.79238 -0.918651 -0.382754 -0.0978737
3 9 7 23.4152 -0.983624 -0.178889 -0.0219458
4 9 7 11.2323 -0.957872 0.259685 0.122655
5 9 7 12.9397 0.971448 0.201507 0.125231
6 9 7 23.4519 0.97692 -0.210697 -0.0351209
7 9 7 2.87338 0.910663 -0.390949 -0.133608
8 9 7 0 0 0 0
9 9 7 0 0 0 0
0 0 8 0 0 0 0
1 0 8 0.0198926 0.0282385 -0.999581 0.00639356
2 0 8 0 0 0 0
3 0 8 0 0 0 0
4 0 8 0 0 0 0
5 0 8 0 0 0 0
6 0 8 0 0 0 0
7 0 8 0.00117477 0.0781284 -0.993526 -0.0824734
8 0 8 0.00487655 -0.0145326 -0.99496 0.099212
9 0 8 0 0 0 0
0 1 8 0.0544527 0.094036 -0.993175 -0.0690027
1 1 8 1.89758 0.0230918 -0.999728 0.00314421
2 1 8 0.0694318 -0.00776113 -0.997212 0.0742154
3 1 8 0 0 0 0
4 1 8 0 0 0 0
5 1 8 0 0 0 0
6 1 8 0 0 0 0
7 1 8 0.0455436 0.0590375 -0.997181 -0.0463153
8 1 8 1.99707 -0.0365444 -0.999225 0.0146158
9 1 8 0.00478901 -0.235409 -0.967222 -0.095203
0 2 8 0.54361 0.0640402 -0.995595 -0.0684789
1 2 8 5.1411 -0.0232198 -0.999652 0.0125465
2 2 8 0.344688 -0.0347301 -0.998412 0.0443579
3 2 8 0 0 0 0
4 2 8 0 0 0 0
5 2 8 0 0 0 0
6 2 8 0 0 0 0
7 2 8 0.177909 0.0310485 -0.999473 -0.00947492
8 2 8 4.99122 0.0144718 -0.999828 0.011568
9 2 8 0.540503 -0.139536 -0.98565 -0.0949976
0 3 8 1.38712 -0.00317795 -0.996935 -0.0781635
1 3 8 7.35952 -0.0675355 -0.997595 0.0156214
2 3 8 0.787617 -0.0306274 -0.99863 0.0424176
3 3 8 0 0 0 0
4 3 8 0 0 0 0
5 3 8 0 0 0 0
6 3 8 0 0 0 0
7 3 8 0.412897 0.00304244 -0.999427 0.0337214
8 3 8 6.11829 0.0746863 -0.997159 0.00976214
9 3 8 1.05185 -0.0311675 -0.995313 -0.0915403
0 4 8 1.56064 -0.0845148 -0.992627 -0.0868884
1 4 8 8.76963 -0.101431 -0.994699 0.0169175
2 4 8 1.1618 -0.0379541 -0.997942 0.0516868
3 4 8 0 0 0 0
4 4 8 0 0 0 0
5 4 8 0 0 0 0
6 4 8 0 0 0 0
7 4 8 0.696923 0.0672135 -0.997282 0.0301892
8 4 8 8.17265 0.146149 -0.98925 0.00498008
9 4 8 1.39011 0.0744907 -0.994802 -0.0694232
0 5 8 0.848775 -0.184135 -0.979348 -0.0834947
1 5 8 9.63357 -0.158173 -0.987359 0.0101257
2 5 8 1.72705 -0.0297391 -0.998772 0.0396307
3 5 8 0 0 0 0
4 5 8 0 0 0 0
5 5 8 0 0 0 0
6 5 8 0 0 0 0
7 5 8 1.36002 0.093821 -0.995445 0.0169359
8 5 8 9.49402 0.217339 -0.975884 -0.0203617
9 5 8 1.06125 0.15459 -0.987306 -0.0364478
0 6 8 0.171251 -0.317767 -0.947571 -0.0336789
1 6 8 10.9839 -0.26744 -0.963395 -0.0185848
2 6 8 1.95026 -0.000667349 -0.999991 0.00430733
3 6 8 0 0 0 0
4 6 8 0 0 0 0
5 6 8 0 0 0 0
6 6 8 0 0 0 0
7 6 8 5.3191 0.0250762 -0.998658 -0.0453109
8 6 8 8.10697 0.293752 -0.954984 -0.0414106
9 6 8 0.0308597 0.275442 -0.959045 -0.066067
0 7 8 0 0 0 0
1 7 8 10.9154 -0.434531 -0.89717 -0.0791725
2 7 8 16.5462 -0.38496 -0.921641 0.048816
3 7 8 0 0 0 0
4 7 8 0 0 0 0
5 7 8 0 0 0 0
6 7 8 0 0 0 0
7 7 8 23.871 0.434387 -0.900687 0.00842549
8 7 8 5.82424 0.420845 -0.904479 -0.0693318
9 7 8 0 0 0 0
0 8 8 0 0 0 0
1 8 8 1.73903 -0.697949 -0.709051 -0.100571
2 8 8 29.2772 -0.808115 -0.588069 -0.033545
3 8 8 18.3606 -0.933482 -0.226204 0.278286
4 8 8 0.0379803 -0.719722 0.448112 0.530279
5 8 8 0.132813 0.722928 0.464704 0.511298
6 8 8 17.3647 0.920097 -0.253026 0.298997
7 8 8 20.1115 0.795146 -0.60313 -0.0630568
8 8 8 1.27259 0.702855 -0.704623 -0.0974709
9 8 8 0 0 0 0
0 9 8 0 0 0 0
1 9 8 0 0 0 0
2 9 8 0 0 0 0
3 9 8 4.56397 -0.979921 -0.197852 0.0246674
4 9 8 4.91895 -0.982629 0.0778767 0.168451
5 9 8 6.18249 0.982813 0.0917069 0.160216
6 9 8 5.51717 0.974477 -0.221933 0.0337646
7 9 8 0 0 0 0
8 9 8 0 0 0 0
9 9 8 0 0 0 0
0 0 9 0 0 0 0
1 0 9 0 0 0 0
2 0 9 0 0 0 0
3 0 9 0 0 0 0
4 0 9 0 0 0 0
5 0 9 0 0 0 0
6 0 9 0 0 0 0
7 0 9 0 0 0 0
8 0 9 0.000428704 -0.0961979 -0.995159 -0.0201374
9 0 9 0 0 0 0
0 1 9 0 0 0 0
1 1 9 0.232636 0.117388 -0.988927 -0.0907966
2 1 9 0 0 0 0
3 1 9 0 0 0 0
4 1 9 0 0 0 0
5 1 9 0 0 0 0
6 1 9 0 0 0 0
7 1 9 0 0 0 0
8 1 9 0.339491 -0.191497 -0.979123 -0.0681739
9 1 9 0 0 0 0
0 2 9 0 0 0 0
1 2 9 1.06044 0.00632421 -0.997941 -0.0638223
2 2 9 0 0 0 0
3 2 9 0 0 0 0
4 2 9 0 0 0 0
5 2 9 0 0 0 0
6 2 9 0 0 0 0
7 2 9 0 0 0 0
8 2 9 1.46211 -0.0536317 -0.996901 -0.0575434
9 2 9 0 0 0 0
0 3 9 0.0130543 -0.0535123 -0.996106 -0.0700715
1 3 9 1.44512 -0.0554765 -0.998142 -0.0251806
2 3 9 0 0 0 0
3 3 9 0 0 0 0
4 3 9 0 0 0 0
5 3 9 0 0 0 0
6 3 9 0 0 0 0
7 3 9 0 0 0 0
8 3 9 2.21037 0.0357336 -0.998694 -0.0365126
9 3 9 0 0 0 0
0 4 9 0 0 0 0
1 4 9 2.16859 -0.0846578 -0.99641 -0.000355247
2 4 9 0 0 0 0
3 4 9 0 0 0 0
4 4 9 0 0 0 0
5 4 9 0 0 0 0
6 4 9 0 0 0 0
7 4 9 0 0 0 0
8 4 9 3.98088 0.1169 -0.993033 -0.014857
9 4 9 0 0 0 0
0 5 9 0 0 0 0
1 5 9 4.36447 -0.224851 -0.973838 -0.0328909
2 5 9 0 0 0 0
3 5 9 0 0 0 0
4 5 9 0 0 0 0
5 5 9 0 0 0 0
6 5 9 0 0 0 0
7 5 9 0 0 0 0
8 5 9 5.61228 0.208864 -0.977864 -0.0125821
9 5 9 0 0 0 0
0 6 9 0 0 0 0
1 6 9 5.9914 -0.330791 -0.943037 -0.03548
2 6 9 0.0286331 -0.292169 -0.956042 0.024898
3 6 9 0 0 0 0
4 6 9 0 0 0 0
5 6 9 0 0 0 0
6 6 9 0 0 0 0
7 6 9 0.0283313 0.284343 -0.957814 0.0417367
8 6 9 4.80161 0.318743 -0.947695 -0.0166609
9 6 9 0 0 0 0
0 7 9 0 0 0 0
1 7 9 1.92002 -0.494368 -0.867964 -0.0473195
2 7 9 6.78491 -0.647081 -0.76242 -0.00127535
3 7 9 0 0 0 0
4 7 9 0 0 0 0
5 7 9 0 0 0 0
6 7 9 0 0 0 0
7 7 9 8.30391 0.624066 -0.779864 -0.0485165
8 7 9 0.595828 0.44773 -0.893921 -0.021064
9 7 9 0 0 0 0
0 8 9 0 0 0 0
1 8 9 0 0 0 0
2 8 9 2.14691 -0.871324 -0.48843 -0.0472339
3 8 9 12.5586 -0.920366 -0.371779 0.12127
4 8 9 4.98713 -0.958597 -0.0573621 0.278929
5 8 9 4.6323 0.956649 -0.0926491 0.276114
6 8 9 12.0697 0.917729 -0.37575 0.128784
7 8 9 1.66863 0.864856 -0.502016 0.00220823
8 8 9 0 0 0 0
9 8 9 0 0 0 0
0 9 9 0 0 0 0
1 9 9 0 0 0 0
2 9 9 0 0 0 0
3 9 9 0 0 0 0
4 9 9 0 0 0 0
5 9 9 0 0 0 0
6 9 9 0 0 0 0
7 9 9 0 0 0 0
8 9 9 0 0 0 0
9 9 9 0 0 0 0
