0 0 0 0
0 0 0 0
0 0 0 0
0 0 0 0
0.000571465 0.0097507 -0.114245 -0.0622389
0 0 0 0
0.00134317 0.0293064 -0.322207 -0.0238374
0 0 0 0
0 0 0 0
0 0 0 0
0 0 0 0
0 0 0 0
0.00737327 0.153901 -1.73524 0.220012
0.00387289 -0.00955581 -1.50828 -0.0261572
0.00319398 -0.0131574 -0.276556 0.0185335
0.00630095 0.0539062 -2.17509 -0.158054
0 0 0 0
0 0 0 0
0 0 0 0
0 0 0 0
0 0 0 0
0 0 0 0
0.0230889 0.204059 -3.78021 0.294128
0.0136144 -0.0266489 -1.93104 -0.1098
0.0120451 -0.000649842 -0.0176784 0.000173394
0.0265896 -0.0164315 -3.53583 -0.250833
0 0 0 0
0 0 0 0
0 0 0 0
0 0 0 0
0 0 0 0
0 0 0 0
0.0352462 0.0183363 -3.24746 0.0562436
0.0213062 -0.0391646 -1.16074 -0.136429
0.0193271 -0.00443976 -0.198233 -0.0122491
0.0415302 -0.0410926 -2.14688 -0.165854
0 0 0 0
0 0 0 0
0 0 0 0
0 0 0 0
0 0 0 0
0 0 0 0
0.0469818 -0.0837116 -2.67775 -0.0847041
0 0 0 0
0.0260752 -0.000278002 -1.09232 -0.162441
0.0265915 0.00922371 -1.06063 -0.0872173
0 0 0 0
0 0 0 0
0 0 0 0
0 0 0 0
0 0 0 0
0 0 0 0
0.0379191 -0.0433401 -2.14204 -0.195353
0 0 0 0
0.0324399 0.0127859 -2.28709 -0.468363
0.0339177 0.00735711 -0.390734 -0.0404022
0 0 0 0
0 0 0 0
0 0 0 0
0 0 0 0
0 0 0 0
0 0 0 0
0.0332086 -0.191308 -2.6421 -0.394758
0 0 0 0
0.0388797 -0.013294 -1.10665 -0.238134
0 0 0 0
0 0 0 0
0 0 0 0
0 0 0 0
0 0 0 0
0 0 0 0
0 0 0 0
0.038635 -0.107191 -0.573472 -0.134128
0 0 0 0
0 0 0 0
0 0 0 0
0 0 0 0
0 0 0 0
0 0 0 0
0 0 0 0
0 0 0 0
0 0 0 0
0 0 0 0
0 0 0 0
0 0 0 0
0 0 0 0
0 0 0 0
0 0 0 0
0 0 0 0
0 0 0 0
0 0 0 0
0 0 0 0
0 0 0 0
0 0 0 0
0 0 0 0
0 0 0 0
0 0 0 0
0 0 0 0
0 0 0 0
0 0 0 0
0 0 0 0
0 0 0 0
0 0 0 0
0 0 0 0
0 0 0 0
0 0 0 0
0.00118485 0.0728602 -0.481718 -0.158306
0 0 0 0
0 0 0 0
0 0 0 0
0 0 0 0
0.00317475 0.049504 -0.221859 0.0301084
0.00893319 -0.0964532 -2.0527 -0.380664
0.00431724 -0.0116438 -0.600889 -0.0946905
0.0329673 -0.0456469 -2.37213 -0.894482
0.0109961 -0.0442742 -0.437161 -0.13443
0.00935794 -0.00102966 -0.0932039 -0.0081204
0 0 0 0
0 0 0 0
0 0 0 0
0 0 0 0
0.0207549 0.0901121 -1.11184 0.0387779
0.030228 -0.0437723 -0.773503 -0.1148
0.0154074 -0.00791469 -1.69663 -0.223328
0.0373136 -0.0145889 -1.44823 -0.198558
0.0217238 0.00293709 -0.28752 -0.065181
0.0311281 0.0309041 -1.62687 -0.177148
0 0 0 0
0 0 0 0
0 0 0 0
0 0 0 0
0.0172284 0.03301 -1.30554 -0.021707
0 0 0 0
0.0239266 0.0326087 -1.6988 -0.188653
0.0270839 -0.135816 -1.67913 -0.271934
0 0 0 0
0.0701803 0.090171 -2.58494 -0.422939
0 0 0 0
0 0 0 0
0 0 0 0
0 0 0 0
0.0229417 -0.0199558 -1.17797 -0.0717571
0 0 0 0
0.0610223 0.0298207 -1.41545 -0.125207
0.0355682 -0.139293 -1.92897 -0.16771
0.02987 -0.0302934 -0.35376 -0.0483958
0.0630204 0.0115351 -1.83063 -0.354396
0 0 0 0
0 0 0 0
0 0 0 0
0 0 0 0
0.0281308 -0.0289753 -0.489668 -0.0512728
0 0 0 0
0.157965 0.0208391 -3.76161 0.191735
0.104301 0.271414 -4.29089 1.18882
0.0739944 0.00697973 -1.16899 -0.0912848
0.0664721 0.00779991 -0.673367 -0.0165856
0 0 0 0
0 0 0 0
0 0 0 0
0 0 0 0
0.0307246 -0.0171416 -0.10308 -0.0106145
0 0 0 0
0.122426 0.352979 -5.20968 -0.157568
0.0605463 0.0225661 -0.911698 0.082761
0.0884455 0.180228 -1.58966 0.0524245
0.1011 -0.00560448 -1.99819 0.379707
0 0 0 0
0 0 0 0
0 0 0 0
0 0 0 0
0.0355303 -0.151124 -0.557255 -0.0956458
0 0 0 0
0.122361 0.0424915 -3.90796 -0.323821
0.0492842 -0.024823 -0.517665 -0.130384
0.109142 0.288429 -2.82163 -0.383082
0.182881 0.291089 -2.19656 -0.0193657
0 0 0 0
0 0 0 0
0 0 0 0
0 0 0 0
0 0 0 0
0 0 0 0
0.0512234 -0.0889742 -0.132582 -0.0827735
0.0591222 -0.0540684 -1.22112 -0.682095
0.134633 0.270182 -2.42383 -1.5362
0 0 0 0
0 0 0 0
0 0 0 0
0 0 0 0
0 0 0 0
0 0 0 0
0 0 0 0
0 0 0 0
0 0 0 0
0 0 0 0
0 0 0 0
0 0 0 0
0 0 0 0
0 0 0 0
0 0 0 0
0 0 0 0
0 0 0 0
0 0 0 0
0 0 0 0
0 0 0 0
0 0 0 0
0.00151171 0.111538 -0.415779 -0.0760236
0 0 0 0
0 0 0 0
0.00210487 0.00958768 -0.0573146 -0.000357226
0.0120349 -0.101098 -1.56057 0.0236503
0 0 0 0
0.013699 -0.305553 -1.72598 -0.370492
0 0 0 0
0 0 0 0
0.0130374 0.061747 -0.326262 -0.0308365
0.0216109 0.418686 -2.39566 -0.357442
0.0100484 -0.0071427 -2.96417 0.0254036
0 0 0 0
0.0118514 0.139258 -1.38158 -0.0357297
0.0253227 -0.122476 -1.99665 -0.00820509
0 0 0 0
0.0233487 -0.140524 -1.55934 -0.236902
0.0270618 -0.155268 -0.713571 -0.447117
0 0 0 0
0.0216802 0.210979 -1.21902 -0.124956
0.0175199 0.132643 -1.02269 -0.0936111
0.0361003 0.0905823 -3.77544 -0.0770059
0 0 0 0
0.0174669 0.0137329 -1.7022 -0.089808
0.0396226 -0.0938901 -1.76147 -0.0706947
0.0490334 -0.10415 -0.965265 -0.120259
0.0611531 -0.0600553 -1.52262 -0.194103
0 0 0 0
0 0 0 0
0.0306813 0.078985 -0.547024 -0.0548482
0.0259041 0.138114 -0.733242 -0.036211
0.0389882 0.133978 -3.16847 -0.13584
0 0 0 0
0.0228743 -0.0817438 -1.10223 -0.0782755
0.0254709 -0.076611 -2.01118 -0.236475
0.0631468 -0.54521 -3.74579 -0.254443
0.0856333 0.163407 -3.2027 1.15934
0.0131332 -0.000110395 -0.00266554 6.21251e-05
0 0 0 0
0.0581684 -0.0146419 -0.05625 0.00990853
0 0 0 0
0.051313 0.114776 -2.12687 -0.131522
0 0 0 0
0 0 0 0
0.0312956 -0.0914917 -1.82486 -0.294054
0.104072 -0.213032 -5.10328 0.113675
0.048788 -0.00128365 -0.0329272 0.0234572
0 0 0 0
0 0 0 0
0.114909 -0.0414511 -1.36845 0.603531
0.123433 -0.0468927 -0.83169 0.282465
0.0594966 0.195307 -1.9685 -0.147249
0 0 0 0
0 0 0 0
0.0371836 -0.0485498 -0.555842 -0.0847771
0.104544 0.319764 -2.65898 0.705499
0 0 0 0
0 0 0 0
0 0 0 0
0 0 0 0
0.0369858 0.0157783 -0.751896 -0.0892316
0.0705211 0.391944 -2.1006 -0.266082
0 0 0 0
0 0 0 0
0 0 0 0
0.0532133 -0.00432159 -0.0470361 -0.00282798
0 0 0 0
0 0 0 0
0 0 0 0
0 0 0 0
0.0464014 0.0429179 -1.22113 -0.306425
0.038024 0.188714 -0.69941 -0.141774
0 0 0 0
0 0 0 0
0.0276516 -0.0123448 -0.0243357 -0.00794643
0.118702 -0.507907 -1.06337 -0.487889
0 0 0 0
0 0 0 0
0 0 0 0
0 0 0 0
0 0 0 0
0 0 0 0
0 0 0 0
0 0 0 0
0 0 0 0
0 0 0 0
0.0618338 -0.114869 -0.120767 -0.204472
0 0 0 0
0 0 0 0
0 0 0 0
0 0 0 0
0 0 0 0
0 0 0 0
0 0 0 0
0 0 0 0
0 0 0 0
0 0 0 0
0 0 0 0
0 0 0 0
0 0 0 0
0.00169561 0.150054 -0.563415 -0.0426462
0 0 0 0
0 0 0 0
0 0 0 0
0 0 0 0
0.0120072 -0.302507 -1.72674 -0.164132
0 0 0 0
0 0 0 0
0 0 0 0
0 0 0 0
0.0237565 0.669117 -3.37813 -0.203476
0.00147566 -0.0110381 -0.116917 0.00736634
0 0 0 0
0 0 0 0
0.014965 -0.0389026 -0.454223 -0.018496
0.022412 -0.308618 -2.39253 -0.132067
0 0 0 0
0 0 0 0
0 0 0 0
0.0251072 0.235011 -1.2288 -0.129025
0.0213344 0.114268 -1.55906 -0.081781
0 0 0 0
0 0 0 0
0 0 0 0
0.030104 -0.10723 -1.62166 0.00791634
0.0314036 -0.116931 -1.59678 -0.0169097
0 0 0 0
0 0 0 0
0 0 0 0
0.0344225 0.230259 -1.85228 -0.059865
0.0309713 -0.0352158 -1.07976 -0.063127
0 0 0 0
0 0 0 0
0 0 0 0
0.0594221 -0.285998 -3.96443 0.113474
0.0843779 0.798312 -1.76878 0.560926
0 0 0 0
0 0 0 0
0 0 0 0
0.0713252 -0.988512 -1.33456 0.810606
0.164952 -0.509527 -2.85843 0.879357
0 0 0 0
0 0 0 0
0 0 0 0
0.0729139 -0.0695428 -3.51987 0.161882
0 0 0 0
0 0 0 0
0 0 0 0
0 0 0 0
0 0 0 0
0.0390824 -0.0206657 -0.234568 0.00569631
0.0291765 0.0311044 -0.432842 -0.0422276
0 0 0 0
0 0 0 0
0.094134 0.487522 -2.36625 0.320712
0 0 0 0
0 0 0 0
0 0 0 0
0 0 0 0
0 0 0 0
0 0 0 0
0.098219 0.330353 -2.37816 -0.171367
0 0 0 0
0 0 0 0
0.238612 -1.44704 -3.18261 -0.52739
0 0 0 0
0 0 0 0
0 0 0 0
0 0 0 0
0 0 0 0
0 0 0 0
0.0899457 0.732328 -3.39823 -0.557459
0 0 0 0
0 0 0 0
0.0923464 -1.41139 -2.44291 -0.85561
0 0 0 0
0 0 0 0
0 0 0 0
0 0 0 0
0 0 0 0
0.271527 1.57135 -3.1945 -1.98553
0.0433157 0.573233 -0.876264 -0.232536
0 0 0 0
0 0 0 0
0 0 0 0
0 0 0 0
0.0593565 -0.450639 -0.191565 -0.30413
0.0250386 -0.0215883 0.0227324 -0.0457133
0 0 0 0
0 0 0 0
0 0 0 0
0 0 0 0
0 0 0 0
0 0 0 0
0.00284187 -0.100843 -0.283921 -0.0429434
0.00120136 -0.0569147 -0.23594 0.000653341
0 0 0 0
0 0 0 0
0 0 0 0
0 0 0 0
0 0 0 0
0.00053203 0.0190633 -0.214205 0.0168158
0 0 0 0
0.00566407 0.467903 -2.1058 0.0270253
0 0 0 0
0.0130334 -0.412572 -2.45683 0.0622063
0 0 0 0
0 0 0 0
0 0 0 0
0 0 0 0
0.0117407 0.0685041 -0.587489 0.0421405
0.01483 0.118253 -1.33966 0.11254
0.00410576 -0.0166731 -0.407551 0.00621298
0.0210517 0.315376 -1.92941 -0.0378856
0.0207311 -0.10392 -0.719842 0.0200127
0.0444696 -0.275287 -2.62445 0.131675
0 0 0 0
0 0 0 0
0 0 0 0
0 0 0 0
0.0210333 0.211651 -1.70357 0.0622341
0.0514528 0.13671 -2.24233 0.205176
0.0115092 -0.0117993 -0.874878 -0.0109124
0.0171562 0.00884675 -0.514136 -0.0221569
0.0287248 -0.127282 -1.07697 0.0514812
0.063256 -0.0725817 -2.75365 0.325886
0 0 0 0
0 0 0 0
0 0 0 0
0 0 0 0
0.0591936 0.329506 -2.30867 0.0164709
0.0581128 0.0526987 -2.09281 0.226322
0.0168704 0.0083208 -0.925396 -0.0334841
0.0225717 -0.0494471 -0.716943 -0.057523
0.0956336 -0.0817444 -2.17371 0.204828
0.0447258 0.329575 -0.686131 0.10127
0 0 0 0
0 0 0 0
0 0 0 0
0 0 0 0
0.0764146 -0.183574 -3.58581 0.373046
0.060247 -0.131928 -2.7096 0.278785
0.0220646 0.00864763 -0.779291 -0.0501612
0.0276644 -0.169423 -1.08278 -0.127462
0.218831 1.04568 -5.70965 1.16501
0 0 0 0
0 0 0 0
0 0 0 0
0 0 0 0
0 0 0 0
0 0 0 0
0.0729624 -0.136434 -3.20695 0.259218
0.0268596 0.0015576 -0.563078 -0.0471422
0.0325411 -0.0720837 -0.314391 -0.0456778
0.109524 0.187072 -2.52081 0.145548
0 0 0 0
0 0 0 0
0 0 0 0
0 0 0 0
0 0 0 0
0 0 0 0
0.212825 0.14082 -4.51105 0.156495
0 0 0 0
0 0 0 0
0.0728649 -0.054362 -1.64379 0.0118897
0 0 0 0
0 0 0 0
0 0 0 0
0 0 0 0
0 0 0 0
0 0 0 0
0.0998095 0.454641 -2.0761 -0.17965
0 0 0 0
0 0 0 0
0.0240524 -0.226746 -0.22143 -0.0753863
0 0 0 0
0 0 0 0
0 0 0 0
0 0 0 0
0 0 0 0
0 0 0 0
0 0 0 0
0 0 0 0
0 0 0 0
0 0 0 0
0.122057 -1.61335 -0.920347 -0.928031
0.11673 -0.744653 0.177486 -0.468488
0.0750623 -0.276128 0.231369 -0.18686
0 0 0 0
0.133527 2.36773 -0.597724 -1.31792
0.102698 0.618489 -0.35639 -0.274029
0 0 0 0
0 0 0 0
0 0 0 0
0 0 0 0
0 0 0 0
0 0 0 0
0 0 0 0
0 0 0 0
0 0 0 0
0 0 0 0
0.00273819 0.0261309 -1.19671 0.0985986
0 0 0 0
0 0 0 0
0.0084168 -0.0303155 -1.89892 0.175559
0 0 0 0
0 0 0 0
0 0 0 0
0 0 0 0
0 0 0 0
0 0 0 0
0.0257768 0.0540017 -3.73275 0.301625
0.00400577 -0.0743873 -0.417329 0.000529364
0 0 0 0
0.0157542 -0.00698536 -1.12177 0.107755
0 0 0 0
0 0 0 0
0 0 0 0
0 0 0 0
0 0 0 0
0 0 0 0
0.062341 0.102062 -3.60789 0.286097
0.011392 -0.160008 -1.56305 -0.0255664
0 0 0 0
0.0231283 -0.00226688 -0.286995 0.0286751
0 0 0 0
0 0 0 0
0 0 0 0
0 0 0 0
0 0 0 0
0 0 0 0
0.0665996 0.258628 -3.74221 0.297128
0.0346377 -0.0470076 -1.83328 -0.0647244
0 0 0 0
0.0650132 0.0178867 -0.490988 0.0757343
0 0 0 0
0 0 0 0
0 0 0 0
0 0 0 0
0 0 0 0
0 0 0 0
0.150514 0.473567 -5.24484 0.251834
0.0454809 0.0794282 -1.25603 -0.0671961
0 0 0 0
0.0411127 0.118541 -0.841682 0.108764
0 0 0 0
0 0 0 0
0 0 0 0
0 0 0 0
0 0 0 0
0 0 0 0
0.132137 0.721268 -7.45046 0.0610644
0.0275608 0.03943 -0.241825 -0.0179117
0 0 0 0
0 0 0 0
0 0 0 0
0 0 0 0
0 0 0 0
0 0 0 0
0 0 0 0
0 0 0 0
0.15817 0.494099 -8.56373 -0.390269
0 0 0 0
0.0343094 -0.34984 -1.0764 -0.181109
0.0583382 -0.0551905 -0.19581 -0.0106299
0 0 0 0
0 0 0 0
0 0 0 0
0 0 0 0
0 0 0 0
0 0 0 0
0.202896 0.443193 -5.83529 -1.25148
0 0 0 0
0 0 0 0
0.0484642 -1.08811 -1.55854 -0.508836
0 0 0 0
0 0 0 0
0 0 0 0
0 0 0 0
0 0 0 0
0 0 0 0
0.0457236 1.15587 -1.20752 -0.408245
0 0 0 0
0 0 0 0
0.0481127 -0.45635 -0.356652 -0.106973
0 0 0 0
0.0258272 -0.156976 0.135665 -0.0664109
0 0 0 0
0 0 0 0
0 0 0 0
0.0576987 0.0809736 -0.041635 -0.0223073
0 0 0 0
0 0 0 0
0 0 0 0
0 0 0 0
0 0 0 0
0 0 0 0
0 0 0 0
0 0 0 0
0 0 0 0
0 0 0 0
0.000805886 -0.00105679 -0.178892 0.0307152
0 0 0 0
0 0 0 0
0.00827417 -0.12697 -1.75404 0.201853
0 0 0 0
0 0 0 0
0 0 0 0
0 0 0 0
0 0 0 0
0 0 0 0
0.0179446 -0.0156446 -2.43183 0.348229
0 0 0 0
0 0 0 0
0.0171294 -0.0568331 -1.83615 0.239642
0 0 0 0
0 0 0 0
0 0 0 0
0 0 0 0
0 0 0 0
0 0 0 0
0.0315102 -0.00994532 -2.88595 0.351205
0 0 0 0
0 0 0 0
0.0250076 0.0187724 -0.715301 0.113
0 0 0 0
0 0 0 0
0 0 0 0
0 0 0 0
0 0 0 0
0 0 0 0
0.0459548 -0.0111089 -1.76628 0.178954
0 0 0 0
0 0 0 0
0 0 0 0
0 0 0 0
0 0 0 0
0 0 0 0
0 0 0 0
0 0 0 0
0 0 0 0
0.0291967 -0.00933528 -0.857503 0.067947
0 0 0 0
0 0 0 0
0.034928 -0.140263 -1.02339 0.0147814
0 0 0 0
0 0 0 0
0 0 0 0
0 0 0 0
0 0 0 0
0 0 0 0
0.0356759 0.000448578 -0.283283 0.0143252
0 0 0 0
0 0 0 0
0.0423193 0.10935 -1.73345 -0.0944999
0 0 0 0
0 0 0 0
0 0 0 0
0 0 0 0
0 0 0 0
0 0 0 0
0.16326 -0.162482 -1.56519 0.0953562
0 0 0 0
0 0 0 0
0.0760857 -0.0366467 -0.408256 -0.0431358
0 0 0 0
0 0 0 0
0 0 0 0
0 0 0 0
0 0 0 0
0 0 0 0
0.153119 0.209953 -0.756744 -0.0666011
0 0 0 0
0 0 0 0
0 0 0 0
0 0 0 0
0 0 0 0
0 0 0 0
0 0 0 0
0 0 0 0
0 0 0 0
0.0998604 1.10884 -1.66639 -0.476789
0 0 0 0
0 0 0 0
0 0 0 0
0.0638701 -0.638056 -0.252512 -0.151745
0.0254505 -0.638659 0.346802 -0.0479368
0.0503536 -0.0609675 0.0496555 -0.00549502
0 0 0 0
0.068908 0.556442 -0.108646 -0.114161
0 0 0 0
0 0 0 0
0 0 0 0
0 0 0 0
0 0 0 0
0 0 0 0
0 0 0 0
0 0 0 0
0 0 0 0
0 0 0 0
0 0 0 0
0.00146933 0.00758543 -0.676305 -0.052773
0 0 0 0
0.00768711 0.126809 -0.836188 -0.0256269
0 0 0 0
0 0 0 0
0 0 0 0
0 0 0 0
0 0 0 0
0 0 0 0
0 0 0 0
0.0111114 0.0867992 -2.55622 -0.0463273
0 0 0 0
0.0106828 0.19858 -1.88444 -0.101025
0 0 0 0
0 0 0 0
0 0 0 0
0 0 0 0
0 0 0 0
0 0 0 0
0 0 0 0
0.0178227 0.145214 -2.54162 0.104647
0 0 0 0
0.0163862 0.0512178 -2.20205 -0.122745
0 0 0 0
0 0 0 0
0 0 0 0
0 0 0 0
0 0 0 0
0 0 0 0
0 0 0 0
0.0163666 0.115815 -1.02722 0.144425
0 0 0 0
0.0467353 -0.169605 -2.74026 -0.149496
0 0 0 0
0 0 0 0
0 0 0 0
0 0 0 0
0 0 0 0
0 0 0 0
0 0 0 0
0 0 0 0
0 0 0 0
0.0572907 -0.512244 -3.24401 -0.180738
0 0 0 0
0 0 0 0
0 0 0 0
0 0 0 0
0 0 0 0
0 0 0 0
0 0 0 0
0.0344143 0.182843 -1.0667 0.0884421
0 0 0 0
0.0674666 -0.283052 -1.16021 -0.0835966
0 0 0 0
0 0 0 0
0 0 0 0
0 0 0 0
0 0 0 0
0 0 0 0
0 0 0 0
0.0412877 0.176642 -1.45832 -0.0645396
0 0 0 0
0 0 0 0
0.0444766 -0.0733699 -0.138775 -0.0314577
0 0 0 0
0 0 0 0
0 0 0 0
0 0 0 0
0 0 0 0
0 0 0 0
0 0 0 0
0 0 0 0
0 0 0 0
0.100179 -0.337715 -0.428942 -0.0849917
0 0 0 0
0 0 0 0
0 0 0 0
0 0 0 0
0 0 0 0
0 0 0 0
0 0 0 0
0 0 0 0
0 0 0 0
0 0 0 0
0 0 0 0
0 0 0 0
0 0 0 0
0 0 0 0
0.0248472 0.0651755 0.0200775 -0.000956165
0 0 0 0
0 0 0 0
0 0 0 0
0 0 0 0
0.000650168 -0.069974 -0.774899 -0.0493405
0 0 0 0
0 0 0 0
0 0 0 0
0 0 0 0
0 0 0 0
0 0 0 0
0.00198059 0.00232012 -0.0446518 0.00407851
0 0 0 0
0.00453642 -0.00819777 -0.361898 -0.0169367
0.00960222 -0.161501 -1.89694 -0.0365367
0 0 0 0
0 0 0 0
0 0 0 0
0 0 0 0
0 0 0 0
0 0 0 0
0.0253004 0.174268 -3.02835 0.206962
0.00458614 -0.00456522 -0.114996 -0.00379143
0.0133152 -0.0121277 -0.224771 -0.0077546
0.0172537 -0.117293 -1.47543 0.0502876
0 0 0 0
0 0 0 0
0 0 0 0
0 0 0 0
0 0 0 0
0 0 0 0
0.0504353 0.288288 -3.67999 0.203221
0.0236744 0.00210836 -0.421364 -0.0183852
0 0 0 0
0.0243257 -0.0949667 -1.00523 0.136689
0 0 0 0
0 0 0 0
0 0 0 0
0 0 0 0
0 0 0 0
0 0 0 0
0.0469251 0.205175 -1.9198 0.0750728
0.017011 -0.0233728 -1.06 -0.0970218
0 0 0 0
0 0 0 0
0 0 0 0
0 0 0 0
0 0 0 0
0 0 0 0
0 0 0 0
0 0 0 0
0 0 0 0
0.0225602 0.0622115 -1.42766 -0.0871385
0 0 0 0
0.0645588 -0.155815 -0.858797 0.0141666
0 0 0 0
0 0 0 0
0 0 0 0
0 0 0 0
0 0 0 0
0 0 0 0
0.0299962 0.086072 -0.392152 -0.0112994
0.0551941 0.139259 -1.13051 -0.0473053
0 0 0 0
0.0761163 -0.525566 -2.41372 -0.0305165
0 0 0 0
0 0 0 0
0 0 0 0
0 0 0 0
0 0 0 0
0 0 0 0
0.0355159 0.627943 -2.19494 -0.0849685
0.0322086 0.600713 -2.0874 -0.247622
0 0 0 0
0.0468581 -0.471215 -1.32838 -0.217621
0 0 0 0
0 0 0 0
0 0 0 0
0 0 0 0
0 0 0 0
0.0255022 0.756685 -0.22756 0.206028
0.0811385 0.590018 -1.39369 -0.103137
0.0365513 0.0680325 -0.143686 -0.0161175
0 0 0 0
0 0 0 0
0.181179 -2.59538 -1.93221 0.55935
0 0 0 0
0 0 0 0
0 0 0 0
0 0 0 0
0.156288 1.60407 -1.07252 -0.0779958
0.0451858 1.1617 -1.11096 -0.137491
0 0 0 0
0 0 0 0
0 0 0 0
0 0 0 0
0.0689499 -0.923614 -0.0606382 0.00466631
0 0 0 0
0.047731 1.11466 0.193062 0.212152
0.0625597 0.90858 -0.175663 0.0348969
0 0 0 0
0 0 0 0
0 0 0 0
0 0 0 0
0 0 0 0
0 0 0 0
0 0 0 0
0 0 0 0
0 0 0 0
0 0 0 0
0 0 0 0
0 0 0 0
0 0 0 0
0 0 0 0
0.00808805 0.079121 -1.83411 0.066989
0 0 0 0
0 0 0 0
0 0 0 0
0 0 0 0
0 0 0 0
0 0 0 0
0 0 0 0
0 0 0 0
0 0 0 0
0.015061 0.0195089 -2.2632 0.094348
0 0 0 0
0 0 0 0
0 0 0 0
0 0 0 0
0 0 0 0
0 0 0 0
0 0 0 0
0 0 0 0
0 0 0 0
0.0219359 -0.0791534 -2.41937 0.112626
0 0 0 0
0 0 0 0
0 0 0 0
0 0 0 0
0 0 0 0
0 0 0 0
0 0 0 0
0 0 0 0
0 0 0 0
0.0283633 -0.138957 -1.94064 0.0992682
0 0 0 0
0 0 0 0
0 0 0 0
0 0 0 0
0 0 0 0
0 0 0 0
0 0 0 0
0 0 0 0
0 0 0 0
0.0347193 -0.101427 -1.06231 0.0629238
0 0 0 0
0 0 0 0
0 0 0 0
0 0 0 0
0 0 0 0
0 0 0 0
0 0 0 0
0 0 0 0
0 0 0 0
0.0427716 -0.00206973 -0.02061 0.00137617
0 0 0 0
0 0 0 0
0 0 0 0
0 0 0 0
0 0 0 0
0 0 0 0
0 0 0 0
0 0 0 0
0 0 0 0
0 0 0 0
0 0 0 0
0 0 0 0
0 0 0 0
0 0 0 0
0 0 0 0
0 0 0 0
0 0 0 0
0 0 0 0
0 0 0 0
0 0 0 0
0 0 0 0
0 0 0 0
0 0 0 0
0.0256416 0.324627 0.183183 0.228704
0.0638246 0.637519 -0.224863 0.0696352
0 0 0 0
0 0 0 0
0 0 0 0
0 0 0 0
0 0 0 0
0 0 0 0
0 0 0 0
0 0 0 0
0 0 0 0
0 0 0 0
0 0 0 0
0 0 0 0
0 0 0 0
